0 9287.959673 0.000000 
2 9287.959673 0.015927 
3 9287.959673 0.031854 
4 9287.959673 0.047782 
5 9287.959673 0.063709 
6 9287.959673 0.079636 
7 9287.959673 0.095563 
8 9287.959673 0.111491 
9 9287.959673 0.127418 
10 9287.959673 0.143345 
11 9287.959673 0.159272 
12 9287.959673 0.175200 
13 9287.959673 0.191127 
14 9287.959673 0.207054 
15 9287.959673 0.222981 
16 9287.959673 0.238909 
17 9287.959673 0.254836 
18 9287.959673 0.270763 
19 9287.959673 0.286690 
20 9287.959673 0.302618 
21 9287.959673 0.318545 
22 9287.959673 0.334472 
23 9287.959673 0.350399 
24 9287.959673 0.366326 
25 9287.959673 0.382254 
26 9287.959673 0.398181 
27 9287.959673 0.414108 
28 9287.959673 0.430035 
29 9287.959673 0.445963 
30 9287.959673 0.461890 
31 9287.959673 0.477817 
32 9287.959673 0.493744 
33 9287.959673 0.509672 
34 9287.959673 0.525599 
35 9287.959673 0.541526 
36 9287.959673 0.557453 
37 9287.959673 0.573381 
38 9287.959673 0.589308 
39 9287.959673 0.605235 
40 9287.959673 0.621162 
41 9287.959673 0.637089 
42 9287.959673 0.653017 
43 9287.959673 0.668944 
44 9287.959673 0.684871 
45 9287.959673 0.700798 
46 9287.959673 0.716726 
47 9287.959673 0.732653 
48 9287.959673 0.748580 
49 9287.959673 0.764507 
50 9287.959673 0.780435 
51 9287.959673 0.796362 
52 9287.959673 0.812289 
53 9287.959673 0.828216 
54 9287.959673 0.844144 
55 9287.959673 0.860071 
56 9287.959673 0.875998 
57 9287.959673 0.891925 
58 9287.959673 0.907853 
59 9287.959673 0.923780 
60 9287.959673 0.939707 
61 9287.959673 0.955634 
62 9287.959673 0.971561 
63 9287.959673 0.987489 
64 9287.959673 1.003416 
65 9287.959673 1.019343 
66 9287.959673 1.035270 
67 9287.959673 1.051198 
68 9287.959673 1.067125 
69 9287.959673 1.083052 
70 9287.959673 1.098979 
71 9287.959673 1.114907 
72 9287.959673 1.130834 
73 9287.959673 1.146761 
74 9287.959673 1.162688 
75 9287.959673 1.178616 
76 9287.959673 1.194543 
77 9287.959673 1.210470 
78 9287.959673 1.226397 
79 9287.959673 1.242325 
80 9287.959673 1.258252 
81 9287.959673 1.274179 
82 9287.959673 1.290106 
83 9287.959673 1.306033 
84 9287.959673 1.321961 
85 9287.959673 1.337888 
86 9287.959673 1.353815 
87 9287.959673 1.369742 
88 9287.959673 1.385670 
89 9287.959673 1.401597 
90 9287.959673 1.417524 
91 9287.959673 1.433451 
92 9287.959673 1.449379 
93 9287.959673 1.465306 
94 9287.959673 1.481233 
95 9287.959673 1.497160 
96 9287.959673 1.513088 
97 9287.959673 1.529015 
98 9287.959673 1.544942 
99 9287.959673 1.560869 
100 9287.959673 1.576797 
101 9287.959673 1.592724 
102 9287.959673 1.608651 
103 9287.959673 1.624578 
104 9287.959673 1.640505 
105 9287.959673 1.656433 
106 9287.959673 1.672360 
107 9287.959673 1.688287 
108 9287.959673 1.704214 
109 9287.959673 1.720142 
110 9287.959673 1.736069 
111 9287.959673 1.751996 
112 9287.959673 1.767923 
113 9287.959673 1.783851 
114 9287.959673 1.799778 
115 9287.959673 1.815705 
116 9287.959673 1.831632 
117 9287.959673 1.847560 
118 9287.959673 1.863487 
119 9287.959673 1.879414 
120 9287.959673 1.895341 
121 9287.959673 1.911268 
122 9287.959673 1.927196 
123 9287.959673 1.943123 
124 9287.959673 1.959050 
125 9287.959673 1.974977 
126 9287.959673 1.990905 
127 9287.959673 2.006832 
128 9287.959673 2.022759 
129 9287.959673 2.038686 
130 9287.959673 2.054614 
131 9287.959673 2.070541 
132 9287.959673 2.086468 
133 9287.959673 2.102395 
134 9287.959673 2.118323 
135 9287.959673 2.134250 
136 9287.959673 2.150177 
137 9287.959673 2.166104 
138 9287.959673 2.182032 
139 9287.959673 2.197959 
140 9287.959673 2.213886 
141 9287.959673 2.229813 
142 9287.959673 2.245740 
143 9287.959673 2.261668 
144 9287.959673 2.277595 
145 9287.959673 2.293522 
146 9287.959673 2.309449 
147 9287.959673 2.325377 
148 9287.959673 2.341304 
149 9287.959673 2.357231 
150 9287.959673 2.373158 
151 9287.959673 2.389086 
152 9287.959673 2.405013 
153 9287.959673 2.420940 
154 9287.959673 2.436867 
155 9287.959673 2.452795 
156 9287.959673 2.468722 
157 9287.959673 2.484649 
158 9287.959673 2.500576 
159 9287.959673 2.516504 
160 9287.959673 2.532431 
161 9287.959673 2.548358 
162 9287.959673 2.564285 
163 9287.959673 2.580212 
164 9287.959673 2.596140 
165 9287.959673 2.612067 
166 9287.959673 2.627994 
167 9287.959673 2.643921 
168 9287.959673 2.659849 
169 9287.959673 2.675776 
170 9287.959673 2.691703 
171 9287.959673 2.707630 
172 9287.959673 2.723558 
173 9287.959673 2.739485 
174 9287.959673 2.755412 
175 9287.959673 2.771339 
176 9287.959673 2.787267 
177 9287.959673 2.803194 
178 9287.959673 2.819121 
179 9287.959673 2.835048 
180 9287.959673 2.850975 
181 9287.959673 2.866903 
182 9287.959673 2.882830 
183 9287.959673 2.898757 
184 9287.959673 2.914684 
185 9287.959673 2.930612 
186 9287.959673 2.946539 
187 9287.959673 2.962466 
188 9287.959673 2.978393 
189 9287.959673 2.994321 
190 9287.959673 3.010248 
191 9287.959673 3.026175 
192 9287.959673 3.042102 
193 9287.959673 3.058030 
194 9287.959673 3.073957 
195 9287.959673 3.089884 
196 9287.959673 3.105811 
197 9287.959673 3.121739 
198 9287.959673 3.137666 
199 9287.959673 3.153593 
200 9287.959673 3.169520 
201 9287.959673 3.185447 
202 9287.959673 3.201375 
203 9287.959673 3.217302 
204 9287.959673 3.233229 
205 9287.959673 3.249156 
206 9287.959673 3.265084 
207 9287.959673 3.281011 
208 9287.959673 3.296938 
209 9287.959673 3.312865 
210 9287.959673 3.328793 
211 9287.959673 3.344720 
212 9287.959673 3.360647 
213 9287.959673 3.376574 
214 9287.959673 3.392502 
215 9287.959673 3.408429 
216 9287.959673 3.424356 
217 9287.959673 3.440283 
218 9287.959673 3.456211 
219 9287.959673 3.472138 
220 9287.959673 3.488065 
221 9287.959673 3.503992 
222 9287.959673 3.519919 
223 9287.959673 3.535847 
224 9287.959673 3.551774 
225 9287.959673 3.567701 
226 9287.959673 3.583628 
227 9287.959673 3.599556 
228 9287.959673 3.615483 
229 9287.959673 3.631410 
230 9287.959673 3.647337 
231 9287.959673 3.663265 
232 9287.959673 3.679192 
233 9287.959673 3.695119 
234 9287.959673 3.711046 
235 9287.959673 3.726974 
236 9287.959673 3.742901 
237 9287.959673 3.758828 
238 9287.959673 3.774755 
239 9287.959673 3.790683 
240 9287.959673 3.806610 
241 9287.959673 3.822537 
242 9287.959673 3.838464 
243 9287.959673 3.854391 
244 9287.959673 3.870319 
245 9287.959673 3.886246 
246 9287.959673 3.902173 
247 9287.959673 3.918100 
248 9287.959673 3.934028 
249 9287.959673 3.949955 
250 9287.959673 3.965882 
251 9287.959673 3.981809 
252 9287.959673 3.997737 
253 9287.959673 4.013664 
254 9287.959673 4.029591 
255 9287.959673 4.045518 
256 9287.959673 4.061446 
257 9287.959673 4.077373 
258 9287.959673 4.093300 
259 9287.959673 4.109227 
260 9287.959673 4.125154 
261 9287.959673 4.141082 
262 9287.959673 4.157009 
263 9287.959673 4.172936 
264 9287.959673 4.188863 
265 9287.959673 4.204791 
266 9287.959673 4.220718 
267 9287.959673 4.236645 
268 9287.959673 4.252572 
269 9287.959673 4.268500 
270 9287.959673 4.284427 
271 9287.959673 4.300354 
272 9287.959673 4.316281 
273 9287.959673 4.332209 
274 9287.959673 4.348136 
275 9287.959673 4.364063 
276 9287.959673 4.379990 
277 9287.959673 4.395918 
278 9287.959673 4.411845 
279 9287.959673 4.427772 
280 9287.959673 4.443699 
281 9287.959673 4.459626 
282 9287.959673 4.475554 
283 9287.959673 4.491481 
284 9287.959673 4.507408 
285 9287.959673 4.523335 
286 9287.959673 4.539263 
287 9287.959673 4.555190 
288 9287.959673 4.571117 
289 9287.959673 4.587044 
290 9287.959673 4.602972 
291 9287.959673 4.618899 
292 9287.959673 4.634826 
293 9287.959673 4.650753 
294 9287.959673 4.666681 
295 9287.959673 4.682608 
296 9287.959673 4.698535 
297 9287.959673 4.714462 
298 9287.959673 4.730390 
299 9287.959673 4.746317 
300 9287.959673 4.762244 
301 9287.959673 4.778171 
302 9287.959673 4.794098 
303 9287.959673 4.810026 
304 9287.959673 4.825953 
305 9287.959673 4.841880 
306 9287.959673 4.857807 
307 9287.959673 4.873735 
308 9287.959673 4.889662 
309 9287.959673 4.905589 
310 9287.959673 4.921516 
311 9287.959673 4.937444 
312 9287.959673 4.953371 
313 9287.959673 4.969298 
314 9287.959673 4.985225 
315 9287.959673 5.001153 
415 9287.959673 6.593876 
515 9287.959673 8.186600 
615 9287.959673 9.779324 
715 9287.959673 11.372048 
815 9287.959673 12.964771 
915 9287.959673 14.557495 
1015 9287.959673 16.150219 
1115 9287.959673 17.742942 
1215 9287.959673 19.335666 
1315 9287.959673 20.928390 
1415 9287.959673 22.521114 
1515 9287.959673 24.113837 
1615 9287.959673 25.706561 
1715 9287.959673 27.299285 
1815 9287.959673 28.892009 
1915 9287.959673 30.484732 
2015 9287.959673 32.077456 
2115 9287.959673 33.670180 
2215 9287.959673 35.262904 
2315 9287.959673 36.855627 
2415 9287.959673 38.448351 
2515 9287.959673 40.041075 
2615 9287.959673 41.633799 
2715 9287.959673 43.226522 
2815 9287.959673 44.819246 
2915 9287.959673 46.411970 
3015 9287.959673 48.004694 
3115 9287.959673 49.597417 
3215 9287.959673 51.190141 
3315 9287.959673 52.782865 
3415 9287.959673 54.375589 
3515 9287.959673 55.968312 
3615 9287.959673 57.561036 
3715 9287.959673 59.153760 
3815 9287.959673 60.746484 
3915 9287.959673 62.339207 
4015 9287.959673 63.931931 
4115 9287.959673 65.524655 
4215 9287.959673 67.117378 
4315 9287.959673 68.710102 
4415 9287.959673 70.302826 
4515 9287.959673 71.895550 
4615 9287.959673 73.488273 
4715 9287.959673 75.080997 
4815 9287.959673 76.673721 
4915 9287.959673 78.266445 
5015 9287.959673 79.859168 
5115 9287.959673 81.451892 
5215 9287.959673 83.044616 
5315 9287.959673 84.637340 
5415 9287.959673 86.230063 
5515 9287.959673 87.822787 
5615 9287.959673 89.415511 
5715 9287.959673 91.008235 
5815 9287.959673 92.600958 
5915 9287.959673 94.193682 
6015 9287.959673 95.786406 
6115 9287.959673 97.379130 
6215 9287.959673 98.971853 
6315 9287.959673 100.564577 
6415 9287.959673 102.157301 
6515 9287.959673 103.750025 
6615 9287.959673 105.342748 
6715 9287.959673 106.935472 
6815 9287.959673 108.528196 
6915 9287.959673 110.120920 
7015 9287.959673 111.713643 
7115 9287.959673 113.306367 
7215 9287.959673 114.899091 
7315 9287.959673 116.491814 
7415 9287.959673 118.084538 
7515 9287.959673 119.677262 
7615 9287.959673 121.269986 
7715 9287.959673 122.862709 
7815 9287.959673 124.455433 
7915 9287.959673 126.048157 
8015 9287.959673 127.640881 
8115 9287.959673 129.233604 
8215 9287.959673 130.826328 
8315 9287.959673 132.419052 
8415 9287.959673 134.011776 
8515 9287.959673 135.604499 
8615 9287.959673 137.197223 
8715 9287.959673 138.789947 
8815 9287.959673 140.382671 
8915 9287.959673 141.975394 
9015 9287.959673 143.568118 
9115 9287.959673 145.160842 
9215 9287.959673 146.753566 
9315 9287.959673 148.346289 
9415 9287.959673 149.939013 
9515 9287.959673 151.531737 
9615 9287.959673 153.124461 
9715 9287.959673 154.717184 
9815 9287.959673 156.309908 
9915 9287.959673 157.902632 
10015 9287.959673 159.495355 
10115 9287.959673 161.088079 
10215 9287.959673 162.680803 
10315 9287.959673 164.273527 
10415 9287.959673 165.866250 
10515 9287.959673 167.458974 
10615 9287.959673 169.051698 
10715 9287.959673 170.644422 
10815 9287.959673 172.237145 
10915 9287.959673 173.829869 
11015 9287.959673 175.422593 
11115 9287.959673 177.015317 
11215 9287.959673 178.608040 
11315 9287.959673 180.200764 
11415 9287.959673 181.793488 
11515 9287.959673 183.386212 
11615 9287.959673 184.978935 
11715 9287.959673 186.571659 
11815 9287.959673 188.164383 
11915 9287.959673 189.757107 
12015 9287.959673 191.349830 
12115 9287.959673 192.942554 
12215 9287.959673 194.535278 
12315 9287.959673 196.128002 
12415 9287.959673 197.720725 
12515 9287.959673 199.313449 
12615 9287.959673 200.906173 
12715 9287.959673 202.498897 
12815 9287.959673 204.091620 
12915 9287.959673 205.684344 
13015 9287.959673 207.277068 
13115 9287.959673 208.869791 
13215 9287.959673 210.462515 
13315 9287.959673 212.055239 
13415 9287.959673 213.647963 
13515 9287.959673 215.240686 
13615 9287.959673 216.833410 
13715 9287.959673 218.426134 
13815 9287.959673 220.018858 
13915 9287.959673 221.611581 
14015 9287.959673 223.204305 
14115 9287.959673 224.797029 
14215 9287.959673 226.389753 
14315 9287.959673 227.982476 
14415 9287.959673 229.575200 
14515 9287.959673 231.167924 
14615 9287.959673 232.760648 
14715 9287.959673 234.353371 
14815 9287.959673 235.946095 
14915 9287.959673 237.538819 
15015 9287.959673 239.131543 
15115 9287.959673 240.724266 
15215 9287.959673 242.316990 
15315 9287.959673 243.909714 
15415 9287.959673 245.502438 
15515 9287.959673 247.095161 
15615 9287.959673 248.687885 
15715 9287.959673 250.280609 
15815 9287.959673 251.873333 
15915 9287.959673 253.466056 
16015 9287.959673 255.058780 
16115 9287.959673 256.651504 
16215 9287.959673 258.244227 
16315 9287.959673 259.836951 
16415 9287.959673 261.429675 
16515 9287.959673 263.022399 
16615 9287.959673 264.615122 
16715 9287.959673 266.207846 
16815 9287.959673 267.800570 
16915 9287.959673 269.393294 
17015 9287.959673 270.986017 
17115 9287.959673 272.578741 
17215 9287.959673 274.171465 
17315 9287.959673 275.764189 
17415 9287.959673 277.356912 
17515 9287.959673 278.949636 
17615 9287.959673 280.542360 
17715 9287.959673 282.135084 
17815 9287.959673 283.727807 
17915 9287.959673 285.320531 
18015 9287.959673 286.913255 
18115 9287.959673 288.505979 
18215 9287.959673 290.098702 
18315 9287.959673 291.691426 
18415 9287.959673 293.284150 
18515 9287.959673 294.876874 
18615 9287.959673 296.469597 
18715 9287.959673 298.062321 
18815 9287.959673 299.655045 
18915 9287.959673 301.247769 
19015 9287.959673 302.840492 
19115 9287.959673 304.433216 
19215 9287.959673 306.025940 
19315 9287.959673 307.618663 
19415 9287.959673 309.211387 
19515 9287.959673 310.804111 
19615 9287.959673 312.396835 
19715 9287.959673 313.989558 
19815 9287.959673 315.582282 
19915 9287.959673 317.175006 
20015 9287.959673 318.767730 
20115 9287.959673 320.360453 
20215 9287.959673 321.953177 
20315 9287.959673 323.545901 
20415 9287.959673 325.138625 
20515 9287.959673 326.731348 
20615 9287.959673 328.324072 
20715 9287.959673 329.916796 
20815 9287.959673 331.509520 
20915 9287.959673 333.102243 
21015 9287.959673 334.694967 
21115 9287.959673 336.287691 
21215 9287.959673 337.880415 
21315 9287.959673 339.473138 
21415 9287.959673 341.065862 
21515 9287.959673 342.658586 
21615 9287.959673 344.251310 
21715 9287.959673 345.844033 
21815 9287.959673 347.436757 
21915 9287.959673 349.029481 
22015 9287.959673 350.622204 
22115 9287.959673 352.214928 
22215 9287.959673 353.807652 
22315 9287.959673 355.400376 
22415 9287.959673 356.993099 
22515 9287.959673 358.585823 
22615 9287.959673 360.178547 
22715 9287.959673 361.771271 
22815 9287.959673 363.363994 
22915 9287.959673 364.956718 
23015 9287.959673 366.549442 
23115 9287.959673 368.142166 
23215 9287.959673 369.734889 
23315 9287.959673 371.327613 
23415 9287.959673 372.920337 
23515 9287.959673 374.513061 
23615 9287.959673 376.105784 
23715 9287.959673 377.698508 
23815 9287.959673 379.291232 
23915 9287.959673 380.883956 
24015 9287.959673 382.476679 
24115 9287.959673 384.069403 
24215 9287.959673 385.662127 
24315 9287.959673 387.254851 
24415 9287.959673 388.847574 
24515 9287.959673 390.440298 
24615 9287.959673 392.033022 
24715 9287.959673 393.625746 
24815 9287.959673 395.218469 
24915 9287.959673 396.811193 
25015 9287.959673 398.403917 
25115 9287.959673 399.996640 
25215 9287.959673 401.589364 
25315 9287.959673 403.182088 
25415 9287.959673 404.774812 
25515 9287.959673 406.367535 
25615 9287.959673 407.960259 
25715 9287.959673 409.552983 
25815 9287.959673 411.145707 
25915 9287.959673 412.738430 
26015 9287.959673 414.331154 
26115 9287.959673 415.923878 
26215 9287.959673 417.516602 
26315 9287.959673 419.109325 
26415 9287.959673 420.702049 
26515 9287.959673 422.294773 
26615 9287.959673 423.887497 
26715 9287.959673 425.480220 
26815 9287.959673 427.072944 
26915 9287.959673 428.665668 
27015 9287.959673 430.258392 
27115 9287.959673 431.851115 
27215 9287.959673 433.443839 
27315 9287.959673 435.036563 
27415 9287.959673 436.629287 
27515 9287.959673 438.222010 
27615 9287.959673 439.814734 
27715 9287.959673 441.407458 
27815 9287.959673 443.000182 
27915 9287.959673 444.592905 
28015 9287.959673 446.185629 
28115 9287.959673 447.778353 
28215 9287.959673 449.371076 
28315 9287.959673 450.963800 
28415 9287.959673 452.556524 
28515 9287.959673 454.149248 
28615 9287.959673 455.741971 
28715 9287.959673 457.334695 
28815 9287.959673 458.927419 
28915 9287.959673 460.520143 
29015 9287.959673 462.112866 
29115 9287.959673 463.705590 
29215 9287.959673 465.298314 
29315 9287.959673 466.891038 
29415 9287.959673 468.483761 
29515 9287.959673 470.076485 
29615 9287.959673 471.669209 
29715 9287.959673 473.261933 
29815 9287.959673 474.854656 
29915 9287.959673 476.447380 
30015 9287.959673 478.040104 
30115 9287.959673 479.632828 
30215 9287.959673 481.225551 
30315 9287.959673 482.818275 
30415 9287.959673 484.410999 
30515 9287.959673 486.003723 
30615 9287.959673 487.596446 
30715 9287.959673 489.189170 
30815 9287.959673 490.781894 
30915 9287.959673 492.374618 
31015 9287.959673 493.967341 
31115 9287.959673 495.560065 
31215 9287.959673 497.152789 
31315 9287.959673 498.745512 
31415 9287.959673 500.338236 
31515 9287.959673 501.930960 
31615 9287.959673 503.523684 
31715 9287.959673 505.116407 
31815 9287.959673 506.709131 
31915 9287.959673 508.301855 
32015 9287.959673 509.894579 
32115 9287.959673 511.487302 
32215 9287.959673 513.080026 
32315 9287.959673 514.672750 
32415 9287.959673 516.265474 
32515 9287.959673 517.858197 
32615 9287.959673 519.450921 
32715 9287.959673 521.043645 
32815 9287.959673 522.636369 
32915 9287.959673 524.229092 
33015 9287.959673 525.821816 
33115 9287.959673 527.414540 
33215 9287.959673 529.007264 
33315 9287.959673 530.599987 
33415 9287.959673 532.192711 
33515 9287.959673 533.785435 
33615 9287.959673 535.378159 
33715 9287.959673 536.970882 
33815 9287.959673 538.563606 
33915 9287.959673 540.156330 
34015 9287.959673 541.749053 
34115 9287.959673 543.341777 
34215 9287.959673 544.934501 
34315 9287.959673 546.527225 
34415 9287.959673 548.119948 
34515 9287.959673 549.712672 
34615 9287.959673 551.305396 
34715 9287.959673 552.898120 
34815 9287.959673 554.490843 
34915 9287.959673 556.083567 
35015 9287.959673 557.676291 
35115 9287.959673 559.269015 
35215 9287.959673 560.861738 
35315 9287.959673 562.454462 
35415 9287.959673 564.047186 
35515 9287.959673 565.639910 
35615 9287.959673 567.232633 
35715 9287.959673 568.825357 
35815 9287.959673 570.418081 
35915 9287.959673 572.010805 
36015 9287.959673 573.603528 
36115 9287.959673 575.196252 
36215 9287.959673 576.788976 
36315 9287.959673 578.381700 
36415 9287.959673 579.974423 
36515 9287.959673 581.567147 
36615 9287.959673 583.159871 
36715 9287.959673 584.752595 
36815 9287.959673 586.345318 
36915 9287.959673 587.938042 
37015 9287.959673 589.530766 
37115 9287.959673 591.123489 
37215 9287.959673 592.716213 
37315 9287.959673 594.308937 
37415 9287.959673 595.901661 
37515 9287.959673 597.494384 
37615 9287.959673 599.087108 
37715 9287.959673 600.679832 
37815 9287.959673 602.272556 
37915 9287.959673 603.865279 
38015 9287.959673 605.458003 
38115 9287.959673 607.050727 
38215 9287.959673 608.643451 
38315 9287.959673 610.236174 
38415 9287.959673 611.828898 
38515 9287.959673 613.421622 
38615 9287.959673 615.014346 
38715 9287.959673 616.607069 
38815 9287.959673 618.199793 
38915 9287.959673 619.792517 
39015 9287.959673 621.385241 
39115 9287.959673 622.977964 
39215 9287.959673 624.570688 
39315 9287.959673 626.163412 
39415 9287.959673 627.756136 
39515 9287.959673 629.348859 
39615 9287.959673 630.941583 
39715 9287.959673 632.534307 
39815 9287.959673 634.127031 
39915 9287.959673 635.719754 
40015 9287.959673 637.312478 
40115 9287.959673 638.905202 
40215 9287.959673 640.497925 
40315 9287.959673 642.090649 
40415 9287.959673 643.683373 
40515 9287.959673 645.276097 
40615 9287.959673 646.868820 
40715 9287.959673 648.461544 
40815 9287.959673 650.054268 
40915 9287.959673 651.646992 
41015 9287.959673 653.239715 
41115 9287.959673 654.832439 
41215 9287.959673 656.425163 
41315 9287.959673 658.017887 
41415 9287.959673 659.610610 
41515 9287.959673 661.203334 
41615 9287.959673 662.796058 
41715 9287.959673 664.388782 
41815 9287.959673 665.981505 
41915 9287.959673 667.574229 
42015 9287.959673 669.166953 
42115 9287.959673 670.759677 
42215 9287.959673 672.352400 
42315 9287.959673 673.945124 
42415 9287.959673 675.537848 
42515 9287.959673 677.130572 
42615 9287.959673 678.723295 
42715 9287.959673 680.316019 
42815 9287.959673 681.908743 
42915 9287.959673 683.501467 
43015 9287.959673 685.094190 
43115 9287.959673 686.686914 
43215 9287.959673 688.279638 
43315 9287.959673 689.872361 
43415 9287.959673 691.465085 
43515 9287.959673 693.057809 
43615 9287.959673 694.650533 
43715 9287.959673 696.243256 
43815 9287.959673 697.835980 
43915 9287.959673 699.428704 
44015 9287.959673 701.021428 
44115 9287.959673 702.614151 
44215 9287.959673 704.206875 
44315 9287.959673 705.799599 
44415 9287.959673 707.392323 
44515 9287.959673 708.985046 
44615 9287.959673 710.577770 
44715 9287.959673 712.170494 
44815 9287.959673 713.763218 
44915 9287.959673 715.355941 
45015 9287.959673 716.948665 
45115 9287.959673 718.541389 
45215 9287.959673 720.134113 
45315 9287.959673 721.726836 
45415 9287.959673 723.319560 
45515 9287.959673 724.912284 
45615 9287.959673 726.505008 
45715 9287.959673 728.097731 
45815 9287.959673 729.690455 
45915 9287.959673 731.283179 
46015 9287.959673 732.875903 
46115 9287.959673 734.468626 
46215 9287.959673 736.061350 
46315 9287.959673 737.654074 
46415 9287.959673 739.246797 
46515 9287.959673 740.839521 
46615 9287.959673 742.432245 
46715 9287.959673 744.024969 
46815 9287.959673 745.617692 
46915 9287.959673 747.210416 
47015 9287.959673 748.803140 
47115 9287.959673 750.395864 
47215 9287.959673 751.988587 
47315 9287.959673 753.581311 
47415 9287.959673 755.174035 
47515 9287.959673 756.766759 
47615 9287.959673 758.359482 
47715 9287.959673 759.952206 
47815 9287.959673 761.544930 
47915 9287.959673 763.137654 
48015 9287.959673 764.730377 
48115 9287.959673 766.323101 
48215 9287.959673 767.915825 
48315 9287.959673 769.508549 
48415 9287.959673 771.101272 
48515 9287.959673 772.693996 
48615 9287.959673 774.286720 
48715 9287.959673 775.879444 
48815 9287.959673 777.472167 
48915 9287.959673 779.064891 
49015 9287.959673 780.657615 
49115 9287.959673 782.250338 
49215 9287.959673 783.843062 
49315 9287.959673 785.435786 
49415 9287.959673 787.028510 
49515 9287.959673 788.621233 
49615 9287.959673 790.213957 
49715 9287.959673 791.806681 
49815 9287.959673 793.399405 
49915 9287.959673 794.992128 
50015 9287.959673 796.584852 
50115 9287.959673 798.177576 
50215 9287.959673 799.770300 
50315 9287.959673 801.363023 
50415 9287.959673 802.955747 
50515 9287.959673 804.548471 
50615 9287.959673 806.141195 
50715 9287.959673 807.733918 
50815 9287.959673 809.326642 
50915 9287.959673 810.919366 
51015 9287.959673 812.512090 
51115 9287.959673 814.104813 
51215 9287.959673 815.697537 
51315 9287.959673 817.290261 
51415 9287.959673 818.882985 
51515 9287.959673 820.475708 
51615 9287.959673 822.068432 
51715 9287.959673 823.661156 
51815 9287.959673 825.253880 
51915 9287.959673 826.846603 
52015 9287.959673 828.439327 
52115 9287.959673 830.032051 
52215 9287.959673 831.624774 
52315 9287.959673 833.217498 
52415 9287.959673 834.810222 
52515 9287.959673 836.402946 
52615 9287.959673 837.995669 
52715 9287.959673 839.588393 
52815 9287.959673 841.181117 
52915 9287.959673 842.773841 
53015 9287.959673 844.366564 
53115 9287.959673 845.959288 
53215 9287.959673 847.552012 
53315 9287.959673 849.144736 
53415 9287.959673 850.737459 
53515 9287.959673 852.330183 
53615 9287.959673 853.922907 
53715 9287.959673 855.515631 
53815 9287.959673 857.108354 
53915 9287.959673 858.701078 
54015 9287.959673 860.293802 
54115 9287.959673 861.886526 
54215 9287.959673 863.479249 
54315 9287.959673 865.071973 
54415 9287.959673 866.664697 
54515 9287.959673 868.257421 
54615 9287.959673 869.850144 
54715 9287.959673 871.442868 
54815 9287.959673 873.035592 
54915 9287.959673 874.628316 
55015 9287.959673 876.221039 
55115 9287.959673 877.813763 
55215 9287.959673 879.406487 
55315 9287.959673 880.999210 
55415 9287.959673 882.591934 
55515 9287.959673 884.184658 
55615 9287.959673 885.777382 
55715 9287.959673 887.370105 
55815 9287.959673 888.962829 
55915 9287.959673 890.555553 
56015 9287.959673 892.148277 
56115 9287.959673 893.741000 
56215 9287.959673 895.333724 
56315 9287.959673 896.926448 
56415 9287.959673 898.519172 
56515 9287.959673 900.111895 
56615 9287.959673 901.704619 
56715 9287.959673 903.297343 
56815 9287.959673 904.890067 
56915 9287.959673 906.482790 
57015 9287.959673 908.075514 
57115 9287.959673 909.668238 
57215 9287.959673 911.260962 
57315 9287.959673 912.853685 
57415 9287.959673 914.446409 
57515 9287.959673 916.039133 
57615 9287.959673 917.631857 
57715 9287.959673 919.224580 
57815 9287.959673 920.817304 
57915 9287.959673 922.410028 
58015 9287.959673 924.002752 
58115 9287.959673 925.595475 
58215 9287.959673 927.188199 
58315 9287.959673 928.780923 
58415 9287.959673 930.373646 
58515 9287.959673 931.966370 
58615 9287.959673 933.559094 
58715 9287.959673 935.151818 
58815 9287.959673 936.744541 
58915 9287.959673 938.337265 
59015 9287.959673 939.929989 
59115 9287.959673 941.522713 
59215 9287.959673 943.115436 
59315 9287.959673 944.708160 
59415 9287.959673 946.300884 
59515 9287.959673 947.893608 
59615 9287.959673 949.486331 
59715 9287.959673 951.079055 
59815 9287.959673 952.671779 
59915 9287.959673 954.264503 
60015 9287.959673 955.857226 
60115 9287.959673 957.449950 
60215 9287.959673 959.042674 
60315 9287.959673 960.635398 
60415 9287.959673 962.228121 
60515 9287.959673 963.820845 
60615 9287.959673 965.413569 
60715 9287.959673 967.006293 
60815 9287.959673 968.599016 
60915 9287.959673 970.191740 
61015 9287.959673 971.784464 
61115 9287.959673 973.377187 
61215 9287.959673 974.969911 
61315 9287.959673 976.562635 
61415 9287.959673 978.155359 
61515 9287.959673 979.748082 
61615 9287.959673 981.340806 
61715 9287.959673 982.933530 
61815 9287.959673 984.526254 
61915 9287.959673 986.118977 
62015 9287.959673 987.711701 
62115 9287.959673 989.304425 
62215 9287.959673 990.897149 
62315 9287.959673 992.489872 
62415 9287.959673 994.082596 
62515 9287.959673 995.675320 
62615 9287.959673 997.268044 
62715 9287.959673 998.860767 
62815 9287.959673 1000.453491 
62915 9287.959673 1002.046215 
63015 9287.959673 1003.638939 
63115 9287.959673 1005.231662 
63215 9287.959673 1006.824386 
63315 9287.959673 1008.417110 
63415 9287.959673 1010.009834 
63515 9287.959673 1011.602557 
63615 9287.959673 1013.195281 
63715 9287.959673 1014.788005 
63815 9287.959673 1016.380729 
63915 9287.959673 1017.973452 
64015 9287.959673 1019.566176 
64115 9287.959673 1021.158900 
64215 9287.959673 1022.751623 
64315 9287.959673 1024.344347 
64415 9287.959673 1025.937071 
64515 9287.959673 1027.529795 
64615 9287.959673 1029.122518 
64715 9287.959673 1030.715242 
64815 9287.959673 1032.307966 
64915 9287.959673 1033.900690 
65015 9287.959673 1035.493413 
65115 9287.959673 1037.086137 
65215 9287.959673 1038.678861 
65315 9287.959673 1040.271585 
65415 9287.959673 1041.864308 
65515 9287.959673 1043.457032 
65615 9287.959673 1045.049756 
65715 9287.959673 1046.642480 
65815 9287.959673 1048.235203 
65915 9287.959673 1049.827927 
66015 9287.959673 1051.420651 
66115 9287.959673 1053.013375 
66215 9287.959673 1054.606098 
66315 9287.959673 1056.198822 
66415 9287.959673 1057.791546 
66515 9287.959673 1059.384270 
66615 9287.959673 1060.976993 
66715 9287.959673 1062.569717 
66815 9287.959673 1064.162441 
66915 9287.959673 1065.755165 
67015 9287.959673 1067.347888 
67115 9287.959673 1068.940612 
67215 9287.959673 1070.533336 
67315 9287.959673 1072.126059 
67415 9287.959673 1073.718783 
67515 9287.959673 1075.311507 
67615 9287.959673 1076.904231 
67715 9287.959673 1078.496954 
67815 9287.959673 1080.089678 
67915 9287.959673 1081.682402 
68015 9287.959673 1083.275126 
68115 9287.959673 1084.867849 
68215 9287.959673 1086.460573 
68315 9287.959673 1088.053297 
68415 9287.959673 1089.646021 
68515 9287.959673 1091.238744 
68615 9287.959673 1092.831468 
68715 9287.959673 1094.424192 
68815 9287.959673 1096.016916 
68915 9287.959673 1097.609639 
69015 9287.959673 1099.202363 
69115 9287.959673 1100.795087 
69215 9287.959673 1102.387811 
69315 9287.959673 1103.980534 
69415 9287.959673 1105.573258 
69515 9287.959673 1107.165982 
69615 9287.959673 1108.758706 
69715 9287.959673 1110.351429 
69815 9287.959673 1111.944153 
69915 9287.959673 1113.536877 
70015 9287.959673 1115.129601 
70115 9287.959673 1116.722324 
70215 9287.959673 1118.315048 
70315 9287.959673 1119.907772 
70415 9287.959673 1121.500495 
70515 9287.959673 1123.093219 
70615 9287.959673 1124.685943 
70715 9287.959673 1126.278667 
70815 9287.959673 1127.871390 
70915 9287.959673 1129.464114 
71015 9287.959673 1131.056838 
71115 9287.959673 1132.649562 
71215 9287.959673 1134.242285 
71315 9287.959673 1135.835009 
71415 9287.959673 1137.427733 
71515 9287.959673 1139.020457 
71615 9287.959673 1140.613180 
71715 9287.959673 1142.205904 
71815 9287.959673 1143.798628 
71915 9287.959673 1145.391352 
72015 9287.959673 1146.984075 
72115 9287.959673 1148.576799 
72215 9287.959673 1150.169523 
72315 9287.959673 1151.762247 
72415 9287.959673 1153.354970 
72515 9287.959673 1154.947694 
72615 9287.959673 1156.540418 
72715 9287.959673 1158.133142 
72815 9287.959673 1159.725865 
72915 9287.959673 1161.318589 
73015 9287.959673 1162.911313 
73115 9287.959673 1164.504036 
73215 9287.959673 1166.096760 
73315 9287.959673 1167.689484 
73415 9287.959673 1169.282208 
73515 9287.959673 1170.874931 
73615 9287.959673 1172.467655 
73715 9287.959673 1174.060379 
73815 9287.959673 1175.653103 
73915 9287.959673 1177.245826 
74015 9287.959673 1178.838550 
74115 9287.959673 1180.431274 
74215 9287.959673 1182.023998 
74315 9287.959673 1183.616721 
74415 9287.959673 1185.209445 
74515 9287.959673 1186.802169 
74615 9287.959673 1188.394893 
74715 9287.959673 1189.987616 
74815 9287.959673 1191.580340 
74915 9287.959673 1193.173064 
75015 9287.959673 1194.765788 
75115 9287.959673 1196.358511 
75215 9287.959673 1197.951235 
75315 9287.959673 1199.543959 
75415 9287.959673 1201.136683 
75515 9287.959673 1202.729406 
75615 9287.959673 1204.322130 
75715 9287.959673 1205.914854 
75815 9287.959673 1207.507578 
75915 9287.959673 1209.100301 
76015 9287.959673 1210.693025 
76115 9287.959673 1212.285749 
76215 9287.959673 1213.878472 
76315 9287.959673 1215.471196 
76415 9287.959673 1217.063920 
76515 9287.959673 1218.656644 
76615 9287.959673 1220.249367 
76715 9287.959673 1221.842091 
76815 9287.959673 1223.434815 
76915 9287.959673 1225.027539 
77015 9287.959673 1226.620262 
77115 9287.959673 1228.212986 
77215 9287.959673 1229.805710 
77315 9287.959673 1231.398434 
77415 9287.959673 1232.991157 
77515 9287.959673 1234.583881 
77615 9287.959673 1236.176605 
77715 9287.959673 1237.769329 
77815 9287.959673 1239.362052 
77915 9287.959673 1240.954776 
78015 9287.959673 1242.547500 
78115 9287.959673 1244.140224 
78215 9287.959673 1245.732947 
78315 9287.959673 1247.325671 
78415 9287.959673 1248.918395 
78515 9287.959673 1250.511119 
78615 9287.959673 1252.103842 
78715 9287.959673 1253.696566 
78815 9287.959673 1255.289290 
78915 9287.959673 1256.882014 
79015 9287.959673 1258.474737 
79115 9287.959673 1260.067461 
79215 9287.959673 1261.660185 
79315 9287.959673 1263.252908 
79415 9287.959673 1264.845632 
79515 9287.959673 1266.438356 
79615 9287.959673 1268.031080 
79715 9287.959673 1269.623803 
79815 9287.959673 1271.216527 
79915 9287.959673 1272.809251 
80015 9287.959673 1274.401975 
80115 9287.959673 1275.994698 
80215 9287.959673 1277.587422 
80315 9287.959673 1279.180146 
80415 9287.959673 1280.772870 
80515 9287.959673 1282.365593 
80615 9287.959673 1283.958317 
80715 9287.959673 1285.551041 
80815 9287.959673 1287.143765 
80915 9287.959673 1288.736488 
81015 9287.959673 1290.329212 
81115 9287.959673 1291.921936 
81215 9287.959673 1293.514660 
81315 9287.959673 1295.107383 
81415 9287.959673 1296.700107 
81515 9287.959673 1298.292831 
81615 9287.959673 1299.885555 
81715 9287.959673 1301.478278 
81815 9287.959673 1303.071002 
81915 9287.959673 1304.663726 
82015 9287.959673 1306.256450 
82115 9287.959673 1307.849173 
82215 9287.959673 1309.441897 
82315 9287.959673 1311.034621 
82415 9287.959673 1312.627344 
82515 9287.959673 1314.220068 
82615 9287.959673 1315.812792 
82715 9287.959673 1317.405516 
82815 9287.959673 1318.998239 
82915 9287.959673 1320.590963 
83015 9287.959673 1322.183687 
83115 9287.959673 1323.776411 
83215 9287.959673 1325.369134 
83315 9287.959673 1326.961858 
83415 9287.959673 1328.554582 
83515 9287.959673 1330.147306 
83615 9287.959673 1331.740029 
83715 9287.959673 1333.332753 
83815 9287.959673 1334.925477 
83915 9287.959673 1336.518201 
84015 9287.959673 1338.110924 
84115 9287.959673 1339.703648 
84215 9287.959673 1341.296372 
84315 9287.959673 1342.889096 
84415 9287.959673 1344.481819 
84515 9287.959673 1346.074543 
84615 9287.959673 1347.667267 
84715 9287.959673 1349.259991 
84815 9287.959673 1350.852714 
84915 9287.959673 1352.445438 
85015 9287.959673 1354.038162 
85115 9287.959673 1355.630886 
85215 9287.959673 1357.223609 
85315 9287.959673 1358.816333 
85415 9287.959673 1360.409057 
85515 9287.959673 1362.001780 
85615 9287.959673 1363.594504 
85715 9287.959673 1365.187228 
85815 9287.959673 1366.779952 
85915 9287.959673 1368.372675 
86015 9287.959673 1369.965399 
86115 9287.959673 1371.558123 
86215 9287.959673 1373.150847 
86315 9287.959673 1374.743570 
86415 9287.959673 1376.336294 
86515 9287.959673 1377.929018 
86615 9287.959673 1379.521742 
86715 9287.959673 1381.114465 
86815 9287.959673 1382.707189 
86915 9287.959673 1384.299913 
87015 9287.959673 1385.892637 
87115 9287.959673 1387.485360 
87215 9287.959673 1389.078084 
87315 9287.959673 1390.670808 
87415 9287.959673 1392.263532 
87515 9287.959673 1393.856255 
87615 9287.959673 1395.448979 
87715 9287.959673 1397.041703 
87815 9287.959673 1398.634427 
87915 9287.959673 1400.227150 
88015 9287.959673 1401.819874 
88115 9287.959673 1403.412598 
88215 9287.959673 1405.005321 
88315 9287.959673 1406.598045 
88415 9287.959673 1408.190769 
88515 9287.959673 1409.783493 
88615 9287.959673 1411.376216 
88715 9287.959673 1412.968940 
88815 9287.959673 1414.561664 
88915 9287.959673 1416.154388 
89015 9287.959673 1417.747111 
89115 9287.959673 1419.339835 
89215 9287.959673 1420.932559 
89315 9287.959673 1422.525283 
89415 9287.959673 1424.118006 
89515 9287.959673 1425.710730 
89615 9287.959673 1427.303454 
89715 9287.959673 1428.896178 
89815 9287.959673 1430.488901 
89915 9287.959673 1432.081625 
90015 9287.959673 1433.674349 
90115 9287.959673 1435.267073 
90215 9287.959673 1436.859796 
90315 9287.959673 1438.452520 
90415 9287.959673 1440.045244 
90515 9287.959673 1441.637968 
90615 9287.959673 1443.230691 
90715 9287.959673 1444.823415 
90815 9287.959673 1446.416139 
90915 9287.959673 1448.008863 
91015 9287.959673 1449.601586 
91115 9287.959673 1451.194310 
91215 9287.959673 1452.787034 
91315 9287.959673 1454.379757 
91415 9287.959673 1455.972481 
91515 9287.959673 1457.565205 
91615 9287.959673 1459.157929 
91715 9287.959673 1460.750652 
91815 9287.959673 1462.343376 
91915 9287.959673 1463.936100 
92015 9287.959673 1465.528824 
92115 9287.959673 1467.121547 
92215 9287.959673 1468.714271 
92315 9287.959673 1470.306995 
92415 9287.959673 1471.899719 
92515 9287.959673 1473.492442 
92615 9287.959673 1475.085166 
92715 9287.959673 1476.677890 
92815 9287.959673 1478.270614 
92915 9287.959673 1479.863337 
93015 9287.959673 1481.456061 
93115 9287.959673 1483.048785 
93215 9287.959673 1484.641509 
93315 9287.959673 1486.234232 
93415 9287.959673 1487.826956 
93515 9287.959673 1489.419680 
93615 9287.959673 1491.012404 
93715 9287.959673 1492.605127 
93815 9287.959673 1494.197851 
93915 9287.959673 1495.790575 
94015 9287.959673 1497.383299 
94115 9287.959673 1498.976022 
94215 9287.959673 1500.568746 
94315 9287.959673 1502.161470 
94415 9287.959673 1503.754193 
94515 9287.959673 1505.346917 
94615 9287.959673 1506.939641 
94715 9287.959673 1508.532365 
94815 9287.959673 1510.125088 
94915 9287.959673 1511.717812 
95015 9287.959673 1513.310536 
95115 9287.959673 1514.903260 
95215 9287.959673 1516.495983 
95315 9287.959673 1518.088707 
95415 9287.959673 1519.681431 
95515 9287.959673 1521.274155 
95615 9287.959673 1522.866878 
95715 9287.959673 1524.459602 
95815 9287.959673 1526.052326 
95915 9287.959673 1527.645050 
96015 9287.959673 1529.237773 
96115 9287.959673 1530.830497 
96215 9287.959673 1532.423221 
96315 9287.959673 1534.015945 
96415 9287.959673 1535.608668 
96515 9287.959673 1537.201392 
96615 9287.959673 1538.794116 
96715 9287.959673 1540.386840 
96815 9287.959673 1541.979563 
96915 9287.959673 1543.572287 
97015 9287.959673 1545.165011 
97115 9287.959673 1546.757735 
97215 9287.959673 1548.350458 
97315 9287.959673 1549.943182 
97415 9287.959673 1551.535906 
97515 9287.959673 1553.128629 
97615 9287.959673 1554.721353 
97715 9287.959673 1556.314077 
97815 9287.959673 1557.906801 
97915 9287.959673 1559.499524 
98015 9287.959673 1561.092248 
98115 9287.959673 1562.684972 
98215 9287.959673 1564.277696 
98315 9287.959673 1565.870419 
98415 9287.959673 1567.463143 
98515 9287.959673 1569.055867 
98615 9287.959673 1570.648591 
98715 9287.959673 1572.241314 
98815 9287.959673 1573.834038 
98915 9287.959673 1575.426762 
99015 9287.959673 1577.019486 
99115 9287.959673 1578.612209 
99215 9287.959673 1580.204933 
99315 9287.959673 1581.797657 
99415 9287.959673 1583.390381 
99515 9287.959673 1584.983104 
99615 9287.959673 1586.575828 
99715 9287.959673 1588.168552 
99815 9287.959673 1589.761276 
99915 9287.959673 1591.353999 
100015 9287.959673 1592.946723 
100115 9287.959673 1594.539447 
100215 9287.959673 1596.132170 
100315 9287.959673 1597.724894 
100415 9287.959673 1599.317618 
100515 9287.959673 1600.910342 
100615 9287.959673 1602.503065 
100715 9287.959673 1604.095789 
100815 9287.959673 1605.688513 
100915 9287.959673 1607.281237 
101015 9287.959673 1608.873960 
101115 9287.959673 1610.466684 
101215 9287.959673 1612.059408 
101315 9287.959673 1613.652132 
101415 9287.959673 1615.244855 
101515 9287.959673 1616.837579 
101615 9287.959673 1618.430303 
101715 9287.959673 1620.023027 
101815 9287.959673 1621.615750 
101915 9287.959673 1623.208474 
102015 9287.959673 1624.801198 
102115 9287.959673 1626.393922 
102215 9287.959673 1627.986645 
102315 9287.959673 1629.579369 
102415 9287.959673 1631.172093 
102515 9287.959673 1632.764817 
102615 9287.959673 1634.357540 
102715 9287.959673 1635.950264 
102815 9287.959673 1637.542988 
102915 9287.959673 1639.135712 
103015 9287.959673 1640.728435 
103115 9287.959673 1642.321159 
103215 9287.959673 1643.913883 
103315 9287.959673 1645.506606 
103415 9287.959673 1647.099330 
103515 9287.959673 1648.692054 
103615 9287.959673 1650.284778 
103715 9287.959673 1651.877501 
103815 9287.959673 1653.470225 
103915 9287.959673 1655.062949 
104015 9287.959673 1656.655673 
104115 9287.959673 1658.248396 
104215 9287.959673 1659.841120 
104315 9287.959673 1661.433844 
104415 9287.959673 1663.026568 
104515 9287.959673 1664.619291 
104615 9287.959673 1666.212015 
104715 9287.959673 1667.804739 
104815 9287.959673 1669.397463 
104915 9287.959673 1670.990186 
105015 9287.959673 1672.582910 
105115 9287.959673 1674.175634 
105215 9287.959673 1675.768358 
105315 9287.959673 1677.361081 
105415 9287.959673 1678.953805 
105515 9287.959673 1680.546529 
105615 9287.959673 1682.139253 
105715 9287.959673 1683.731976 
105815 9287.959673 1685.324700 
105915 9287.959673 1686.917424 
106015 9287.959672 1688.510148 
106115 9287.959672 1690.102871 
106215 9287.959672 1691.695595 
106315 9287.959672 1693.288319 
106415 9287.959672 1694.881042 
106515 9287.959672 1696.473766 
106615 9287.959672 1698.066490 
106715 9287.959672 1699.659214 
106815 9287.959672 1701.251937 
106915 9287.959671 1702.844661 
107015 9287.959671 1704.437385 
107115 9287.959671 1706.030109 
107215 9287.959671 1707.622832 
107315 9287.959670 1709.215556 
107415 9287.959670 1710.808280 
107515 9287.959670 1712.401004 
107615 9287.959669 1713.993727 
107715 9287.959669 1715.586451 
107815 9287.959668 1717.179175 
107915 9287.959667 1718.771899 
108015 9287.959667 1720.364622 
108115 9287.959666 1721.957346 
108215 9287.959665 1723.550070 
108315 9287.959664 1725.142794 
108415 9287.959663 1726.735517 
108515 9287.959662 1728.328241 
108615 9287.959661 1729.920965 
108715 9287.959659 1731.513689 
108815 9287.959658 1733.106412 
108915 9287.959656 1734.699136 
109015 9287.959654 1736.291860 
109115 9287.959652 1737.884584 
109215 9287.959649 1739.477307 
109315 9287.959647 1741.070031 
109415 9287.959644 1742.662755 
109515 9287.959641 1744.255478 
109615 9287.959637 1745.848202 
109715 9287.959633 1747.440926 
109815 9287.959629 1749.033650 
109915 9287.959624 1750.626373 
110015 9287.959619 1752.219097 
110115 9287.959614 1753.811821 
110215 9287.959608 1755.404545 
110315 9287.959601 1756.997268 
110415 9287.959594 1758.589992 
110515 9287.959586 1760.182716 
110615 9287.959577 1761.775440 
110715 9287.959568 1763.368163 
110815 9287.959557 1764.960887 
110915 9287.959546 1766.553611 
111015 9287.959534 1768.146335 
111115 9287.959520 1769.739058 
111215 9287.959506 1771.331782 
111315 9287.959490 1772.924506 
111415 9287.959473 1774.517230 
111515 9287.959455 1776.109953 
111615 9287.959434 1777.702677 
111715 9287.959413 1779.295401 
111815 9287.959389 1780.888125 
111915 9287.959364 1782.480848 
112015 9287.959336 1784.073572 
112115 9287.959307 1785.666296 
112215 9287.959275 1787.259019 
112315 9287.959240 1788.851743 
112415 9287.959203 1790.444467 
112515 9287.959163 1792.037191 
112615 9287.959120 1793.629914 
112715 9287.959074 1795.222638 
112815 9287.959024 1796.815362 
112915 9287.958971 1798.408086 
113015 9287.958914 1800.000809 
113115 9287.958852 1801.593533 
113215 9287.958786 1803.186257 
113315 9287.958716 1804.778981 
113415 9287.958640 1806.371704 
113515 9287.958560 1807.964428 
113615 9287.958473 1809.557152 
113715 9287.958381 1811.149876 
113815 9287.958282 1812.742599 
113915 9287.958177 1814.335323 
114015 9287.958065 1815.928047 
114115 9287.957945 1817.520771 
114215 9287.957818 1819.113494 
114315 9287.957682 1820.706218 
114415 9287.957537 1822.298942 
114515 9287.957384 1823.891665 
114615 9287.957220 1825.484389 
114715 9287.957047 1827.077113 
114815 9287.956863 1828.669837 
114915 9287.956667 1830.262560 
115015 9287.956460 1831.855284 
115115 9287.956240 1833.448008 
115215 9287.956008 1835.040732 
115315 9287.955761 1836.633455 
115415 9287.955500 1838.226179 
115515 9287.955224 1839.818903 
115615 9287.954933 1841.411626 
115715 9287.954625 1843.004350 
115815 9287.954299 1844.597074 
115915 9287.953956 1846.189798 
116015 9287.953593 1847.782521 
116115 9287.953211 1849.375245 
116215 9287.952809 1850.967969 
116315 9287.952385 1852.560692 
116415 9287.951938 1854.153416 
116515 9287.951468 1855.746140 
116615 9287.950974 1857.338863 
116715 9287.950455 1858.931587 
116815 9287.949909 1860.524311 
116915 9287.949336 1862.117034 
117015 9287.948734 1863.709758 
117115 9287.948102 1865.302482 
117215 9287.947440 1866.895205 
117315 9287.946746 1868.487929 
117415 9287.946019 1870.080652 
117515 9287.945257 1871.673376 
117615 9287.944459 1873.266099 
117715 9287.943625 1874.858823 
117815 9287.942752 1876.451546 
117915 9287.941839 1878.044270 
118015 9287.940886 1879.636993 
118115 9287.939890 1881.229717 
118215 9287.938850 1882.822440 
118315 9287.937764 1884.415164 
118415 9287.936632 1886.007887 
118515 9287.935451 1887.600610 
118615 9287.934220 1889.193334 
118715 9287.932937 1890.786057 
118815 9287.931601 1892.378780 
118915 9287.930210 1893.971503 
119015 9287.928763 1895.564226 
119115 9287.927257 1897.156949 
119215 9287.925691 1898.749672 
119315 9287.924063 1900.342395 
119415 9287.922371 1901.935118 
119515 9287.920614 1903.527841 
119615 9287.918789 1905.120563 
119715 9287.916895 1906.713286 
119815 9287.914930 1908.306009 
119915 9287.912892 1909.898731 
120015 9287.910778 1911.491453 
120115 9287.908588 1913.084176 
120215 9287.906318 1914.676898 
120315 9287.903967 1916.269620 
120415 9287.901532 1917.862342 
120515 9287.899012 1919.455063 
120615 9287.896405 1921.047785 
120715 9287.893707 1922.640506 
120815 9287.890918 1924.233228 
120915 9287.888034 1925.825949 
121015 9287.885054 1927.418670 
121115 9287.881975 1929.011391 
121215 9287.878795 1930.604111 
121315 9287.875511 1932.196831 
121415 9287.872122 1933.789552 
121515 9287.868625 1935.382271 
121615 9287.865017 1936.974991 
121715 9287.861295 1938.567711 
121815 9287.857459 1940.160430 
121915 9287.853504 1941.753148 
122015 9287.849429 1943.345867 
122115 9287.845230 1944.938585 
122215 9287.840906 1946.531303 
122315 9287.836453 1948.124021 
122415 9287.831870 1949.716738 
122515 9287.827153 1951.309454 
122615 9287.822299 1952.902171 
122715 9287.817307 1954.494887 
122815 9287.812172 1956.087602 
122915 9287.806893 1957.680317 
123015 9287.801467 1959.273032 
123115 9287.795890 1960.865746 
123215 9287.790160 1962.458459 
123315 9287.784274 1964.051172 
123415 9287.778229 1965.643884 
123515 9287.772022 1967.236596 
123615 9287.765650 1968.829307 
123715 9287.759110 1970.422017 
123815 9287.752399 1972.014727 
123915 9287.745514 1973.607436 
124015 9287.738451 1975.200144 
124115 9287.731207 1976.792851 
124215 9287.723780 1978.385557 
124315 9287.716166 1979.978263 
124415 9287.708361 1981.570968 
124515 9287.700362 1983.163671 
124615 9287.692166 1984.756374 
124715 9287.683770 1986.349076 
124815 9287.675170 1987.941776 
124915 9287.666362 1989.534475 
125015 9287.657343 1991.127174 
125115 9287.648110 1992.719871 
125215 9287.638658 1994.312566 
125315 9287.628984 1995.905261 
125415 9287.619084 1997.497954 
125515 9287.608955 1999.090645 
125615 9287.598593 2000.683335 
