9287.959673 0.0
9287.959673 1.4128095343890472
9287.959673 3.0055339655961033
9287.959673 4.59825839680316
9287.959673 6.190982828010216
9287.959673 7.783707259217272
9287.959673 9.376431690424328
9287.959673 10.969156121631382
9287.959673 12.561880552838437
9287.959673 14.154604984045491
9287.959673 15.74732941525255
9287.959673 17.340053846459604
9287.959673 18.93277827766666
9287.959673 20.525502708873717
9287.959673 22.118227140080773
9287.959673 23.71095157128783
9287.959673 25.303676002494885
9287.959673 26.896400433701942
9287.959673 28.489124864908998
9287.959673 30.081849296116054
9287.959673 31.67457372732311
9287.959673 33.26729815853017
9287.959673 34.86002258973723
9287.959673 36.45274702094429
9287.959673 38.04547145215135
9287.959673 39.63819588335841
9287.959673 41.230920314565466
9287.959673 42.823644745772526
9287.959673 44.416369176979586
9287.959673 46.009093608186646
9287.959673 47.601818039393706
9287.959673 49.194542470600766
9287.959673 50.787266901807826
9287.959673 52.379991333014885
9287.959673 53.972715764221945
9287.959673 55.565440195429005
9287.959673 57.158164626636065
9287.959673 58.750889057843125
9287.959673 60.343613489050185
9287.959673 61.936337920257245
9287.959673 63.5290623514643
9287.959673 65.12178678267136
9287.959673 66.71451121387841
9287.959673 68.30723564508547
9287.959673 69.89996007629253
9287.959673 71.49268450749959
9287.959673 73.08540893870665
9287.959673 74.67813336991371
9287.959673 76.27085780112077
9287.959673 77.86358223232783
9287.959673 79.45630666353489
9287.959673 81.04903109474195
9287.959673 82.64175552594901
9287.959673 84.23447995715607
9287.959673 85.82720438836313
9287.959673 87.41992881957019
9287.959673 89.01265325077725
9287.959673 90.60537768198431
9287.959673 92.19810211319137
9287.959673 93.79082654439843
9287.959673 95.38355097560549
9287.959673 96.97627540681255
9287.959673 98.56899983801961
9287.959673 100.16172426922667
9287.959673 101.75444870043373
9287.959673 103.34717313164079
9287.959673 104.93989756284785
9287.959673 106.5326219940549
9287.959673 108.12534642526197
9287.959673 109.71807085646903
9287.959673 111.31079528767609
9287.959673 112.90351971888315
9287.959673 114.4962441500902
9287.959673 116.08896858129727
9287.959673 117.68169301250433
9287.959673 119.27441744371139
9287.959673 120.86714187491845
9287.959673 122.4598663061255
9287.959673 124.05259073733257
9287.959673 125.64531516853961
9287.959673 127.23803959974667
9287.959673 128.83076403095373
9287.959673 130.42348846216078
9287.959673 132.01621289336785
9287.959673 133.6089373245749
9287.959673 135.20166175578194
9287.959673 136.79438618698896
9287.959673 138.387110618196
9287.959673 139.97983504940302
9287.959673 141.57255948061007
9287.959673 143.16528391181708
9287.959673 144.75800834302413
9287.959673 146.35073277423118
9287.959673 147.9434572054382
9287.959673 149.53618163664524
9287.959673 151.12890606785226
9287.959673 152.7216304990593
9287.959673 154.31435493026632
9287.959673 155.90707936147336
9287.959673 157.49980379268038
9287.959673 159.09252822388743
9287.959673 160.68525265509444
9287.959673 162.2779770863015
9287.959673 163.8707015175085
9287.959673 165.46342594871555
9287.959673 167.05615037992257
9287.959673 168.64887481112962
9287.959673 170.24159924233663
9287.959673 171.83432367354368
9287.959673 173.4270481047507
9287.959673 175.01977253595774
9287.959673 176.61249696716476
9287.959673 178.2052213983718
9287.959673 179.79794582957885
9287.959673 181.39067026078587
9287.959673 182.9833946919929
9287.959673 184.57611912319993
9287.959673 186.16884355440698
9287.959673 187.761567985614
9287.959673 189.35429241682104
9287.959673 190.94701684802806
9287.959673 192.5397412792351
9287.959673 194.13246571044212
9287.959673 195.72519014164916
9287.959673 197.31791457285618
9287.959673 198.91063900406323
9287.959673 200.50336343527024
9287.959673 202.0960878664773
9287.959673 203.6888122976843
9287.959673 205.28153672889135
9287.959673 206.87426116009837
9287.959673 208.46698559130542
9287.959673 210.05971002251243
9287.959673 211.65243445371948
9287.959673 213.24515888492652
9287.959673 214.83788331613354
9287.959673 216.4306077473406
9287.959673 218.0233321785476
9287.959673 219.61605660975465
9287.959673 221.20878104096167
9287.959673 222.8015054721687
9287.959673 224.39422990337573
9287.959673 225.98695433458278
9287.959673 227.5796787657898
9287.959673 229.17240319699684
9287.959673 230.76512762820386
9287.959673 232.3578520594109
9287.959673 233.95057649061792
9287.959673 235.54330092182497
9287.959673 237.13602535303198
9287.959673 238.72874978423903
9287.959673 240.32147421544605
9287.959673 241.9141986466531
9287.959673 243.5069230778601
9287.959673 245.09964750906715
9287.959673 246.6923719402742
9287.959673 248.28509637148122
9287.959673 249.87782080268826
9287.959673 251.47054523389528
9287.959673 253.06326966510235
9287.959673 254.6559940963094
9287.959673 256.2487185275165
9287.959673 257.8414429587235
9287.959673 259.43416738993056
9287.959673 261.02689182113767
9287.959673 262.6196162523447
9287.959673 264.21234068355176
9287.959673 265.8050651147588
9287.959673 267.3977895459659
9287.959673 268.99051397717295
9287.959673 270.58323840838
9287.959673 272.17596283958704
9287.959673 273.76868727079415
9287.959673 275.3614117020012
9287.959673 276.95413613320824
9287.959673 278.5468605644153
9287.959673 280.1395849956224
9287.959673 281.73230942682943
9287.959673 283.3250338580365
9287.959673 284.9177582892435
9287.959673 286.5104827204506
9287.959673 288.10320715165767
9287.959673 289.6959315828647
9287.959673 291.28865601407176
9287.959673 292.88138044527886
9287.959673 294.4741048764859
9287.959673 296.06682930769296
9287.959673 297.6595537389
9287.959673 299.2522781701071
9287.959673 300.84500260131415
9287.959673 302.4377270325212
9287.959673 304.03045146372824
9287.959673 305.62317589493534
9287.959673 307.2159003261424
9287.959673 308.80862475734943
9287.959673 310.4013491885565
9287.959673 311.9940736197636
9287.959673 313.58679805097063
9287.959673 315.1795224821777
9287.959673 316.7722469133847
9287.959673 318.3649713445918
9287.959673 319.95769577579887
9287.959673 321.5504202070059
9287.959673 323.14314463821296
9287.959673 324.73586906942006
9287.959673 326.3285935006271
9287.959673 327.92131793183415
9287.959673 329.5140423630412
9287.959673 331.1067667942483
9287.959673 332.69949122545535
9287.959673 334.2922156566624
9287.959673 335.88494008786944
9287.959673 337.47766451907654
9287.959673 339.0703889502836
9287.959673 340.66311338149063
9287.959673 342.2558378126977
9287.959673 343.8485622439048
9287.959673 345.4412866751118
9287.959673 347.03401110631887
9287.959673 348.6267355375259
9287.959673 350.219459968733
9287.959673 351.81218439994007
9287.959673 353.4049088311471
9287.959673 354.99763326235416
9287.959673 356.59035769356126
9287.959673 358.1830821247683
9287.959673 359.77580655597535
9287.959673 361.3685309871824
9287.959673 362.9612554183895
9287.959673 364.55397984959654
9287.959673 366.1467042808036
9287.959673 367.73942871201064
9287.959673 369.33215314321774
9287.959673 370.9248775744248
9287.959673 372.51760200563183
9287.959673 374.1103264368389
9287.959673 375.703050868046
9287.959673 377.295775299253
9287.959673 378.88849973046007
9287.959673 380.4812241616671
9287.959673 382.0739485928742
9287.959673 383.66667302408126
9287.959673 385.2593974552883
9287.959673 386.85212188649535
9287.959673 388.44484631770246
9287.959673 390.0375707489095
9287.959673 391.63029518011655
9287.959673 393.2230196113236
9287.959673 394.8157440425307
9287.959673 396.40846847373774
9287.959673 398.0011929049448
9287.959673 399.59391733615183
9287.959673 401.18664176735894
9287.959673 402.779366198566
9287.959673 404.372090629773
9287.959673 405.9648150609801
9287.959673 407.5575394921872
9287.959673 409.1502639233942
9287.959673 410.74298835460127
9287.959673 412.3357127858083
9287.959673 413.9284372170154
9287.959673 415.52116164822246
9287.959673 417.1138860794295
9287.959673 418.70661051063655
9287.959673 420.29933494184365
9287.959673 421.8920593730507
9287.959673 423.48478380425775
9287.959673 425.0775082354648
9287.959673 426.6702326666719
9287.959673 428.26295709787894
9287.959673 429.855681529086
9287.959673 431.44840596029303
9287.959673 433.04113039150013
9287.959673 434.6338548227072
9287.959673 436.2265792539142
9287.959673 437.81930368512127
9287.959673 439.4120281163284
9287.959673 441.0047525475354
9287.959673 442.59747697874246
9287.959673 444.1902014099495
9287.959673 445.7829258411566
9287.959673 447.37565027236366
9287.959673 448.9683747035707
9287.959673 450.56109913477775
9287.959673 452.15382356598485
9287.959673 453.7465479971919
9287.959673 455.33927242839894
9287.959673 456.931996859606
9287.959673 458.5247212908131
9287.959673 460.11744572202014
9287.959673 461.7101701532272
9287.959673 463.3028945844342
9287.959673 464.89561901564133
9287.959673 466.4883434468484
9287.959673 468.0810678780554
9287.959673 469.67379230926247
9287.959673 471.26651674046957
9287.959673 472.8592411716766
9287.959673 474.45196560288366
9287.959673 476.0446900340907
9287.959673 477.6374144652978
9287.959673 479.23013889650485
9287.959673 480.8228633277119
9287.959673 482.41558775891895
9287.959673 484.00831219012605
9287.959673 485.6010366213331
9287.959673 487.19376105254014
9287.959673 488.7864854837472
9287.959673 490.3792099149543
9287.959673 491.97193434616133
9287.959673 493.5646587773684
9287.959673 495.1573832085754
9287.959673 496.7501076397825
9287.959673 498.3428320709896
9287.959673 499.9355565021966
9287.959673 501.5282809334037
9287.959673 503.1210053646108
9287.959673 504.71372979581787
9287.959673 506.3064542270249
9287.959673 507.89917865823196
9287.959673 509.49190308943906
9287.959673 511.0846275206461
9287.959673 512.6773519518532
9287.959673 514.2700763830602
9287.959673 515.8628008142673
9287.959673 517.4555252454743
9287.959673 519.0482496766814
9287.959673 520.6409741078885
9287.959673 522.2336985390955
9287.959673 523.8264229703026
9287.959673 525.4191474015097
9287.959673 527.0118718327167
9287.959673 528.6045962639238
9287.959673 530.1973206951308
9287.959673 531.7900451263379
9287.959673 533.382769557545
9287.959673 534.975493988752
9287.959673 536.5682184199591
9287.959673 538.1609428511662
9287.959673 539.7536672823732
9287.959673 541.3463917135803
9287.959673 542.9391161447872
9287.959673 544.5318405759944
9287.959673 546.1245650072015
9287.959673 547.7172894384084
9287.959673 549.3100138696155
9287.959673 550.9027383008226
9287.959673 552.4954627320296
9287.959673 554.0881871632367
9287.959673 555.6809115944437
9287.959673 557.2736360256508
9287.959673 558.8663604568579
9287.959673 560.4590848880649
9287.959673 562.051809319272
9287.959673 563.6445337504791
9287.959673 565.2372581816861
9287.959673 566.8299826128932
9287.959673 568.4227070441002
9287.959673 570.0154314753073
9287.959673 571.6081559065144
9287.959673 573.2008803377214
9287.959673 574.7936047689285
9287.959673 576.3863292001356
9287.959673 577.9790536313426
9287.959673 579.5717780625497
9287.959673 581.1645024937567
9287.959673 582.7572269249638
9287.959673 584.3499513561709
9287.959673 585.9426757873779
9287.959673 587.535400218585
9287.959673 589.1281246497921
9287.959673 590.7208490809991
9287.959673 592.3135735122062
9287.959673 593.9062979434132
9287.959673 595.4990223746203
9287.959673 597.0917468058274
9287.959673 598.6844712370344
9287.959673 600.2771956682415
9287.959673 601.8699200994486
9287.959673 603.4626445306556
9287.959673 605.0553689618627
9287.959673 606.6480933930696
9287.959673 608.2408178242767
9287.959673 609.8335422554838
9287.959673 611.4262666866908
9287.959673 613.0189911178979
9287.959673 614.611715549105
9287.959673 616.204439980312
9287.959673 617.7971644115191
9287.959673 619.3898888427261
9287.959673 620.9826132739332
9287.959673 622.5753377051403
9287.959673 624.1680621363473
9287.959673 625.7607865675544
9287.959673 627.3535109987615
9287.959673 628.9462354299685
9287.959673 630.5389598611756
9287.959673 632.1316842923826
9287.959673 633.7244087235897
9287.959673 635.3171331547968
9287.959673 636.9098575860038
9287.959673 638.5025820172109
9287.959673 640.095306448418
9287.959673 641.688030879625
9287.959673 643.2807553108321
9287.959673 644.8734797420391
9287.959673 646.4662041732462
9287.959673 648.0589286044533
9287.959673 649.6516530356603
9287.959673 651.2443774668674
9287.959673 652.8371018980745
9287.959673 654.4298263292815
9287.959673 656.0225507604886
9287.959673 657.6152751916956
9287.959673 659.2079996229027
9287.959673 660.8007240541098
9287.959673 662.3934484853168
9287.959673 663.9861729165239
9287.959673 665.578897347731
9287.959673 667.171621778938
9287.959673 668.764346210145
9287.959673 670.357070641352
9287.959673 671.9497950725591
9287.959673 673.5425195037662
9287.959673 675.1352439349732
9287.959673 676.7279683661803
9287.959673 678.3206927973874
9287.959673 679.9134172285944
9287.959673 681.5061416598015
9287.959673 683.0988660910085
9287.959673 684.6915905222156
9287.959673 686.2843149534227
9287.959673 687.8770393846297
9287.959673 689.4697638158368
9287.959673 691.0624882470439
9287.959673 692.6552126782509
9287.959673 694.247937109458
9287.959673 695.840661540665
9287.959673 697.4333859718721
9287.959673 699.0261104030792
9287.959673 700.6188348342862
9287.959673 702.2115592654933
9287.959673 703.8042836967004
9287.959673 705.3970081279074
9287.959673 706.9897325591145
9287.959673 708.5824569903215
9287.959673 710.1751814215286
9287.959673 711.7679058527357
9287.959673 713.3606302839427
9287.959673 714.9533547151498
9287.959673 716.5460791463569
9287.959673 718.1388035775639
9287.959673 719.731528008771
9287.959673 721.324252439978
9287.959673 722.916976871185
9287.959673 724.5097013023922
9287.959673 726.1024257335991
9287.959673 727.6951501648063
9287.959673 729.2878745960134
9287.959673 730.8805990272203
9287.959673 732.4733234584274
9287.959673 734.0660478896344
9287.959673 735.6587723208415
9287.959673 737.2514967520486
9287.959673 738.8442211832556
9287.959673 740.4369456144627
9287.959673 742.0296700456698
9287.959673 743.6223944768768
9287.959673 745.2151189080839
9287.959673 746.8078433392909
9287.959673 748.400567770498
9287.959673 749.9932922017051
9287.959673 751.5860166329121
9287.959673 753.1787410641192
9287.959673 754.7714654953263
9287.959673 756.3641899265333
9287.959673 757.9569143577404
9287.959673 759.5496387889474
9287.959673 761.1423632201545
9287.959673 762.7350876513616
9287.959673 764.3278120825686
9287.959673 765.9205365137757
9287.959673 767.5132609449828
9287.959673 769.1059853761898
9287.959673 770.6987098073969
9287.959673 772.2914342386039
9287.959673 773.884158669811
9287.959673 775.4768831010181
9287.959673 777.0696075322251
9287.959673 778.6623319634322
9287.959673 780.2550563946393
9287.959673 781.8477808258463
9287.959673 783.4405052570534
9287.959673 785.0332296882603
9287.959673 786.6259541194675
9287.959673 788.2186785506746
9287.959673 789.8114029818815
9287.959673 791.4041274130886
9287.959673 792.9968518442957
9287.959673 794.5895762755027
9287.959673 796.1823007067098
9287.959673 797.7750251379168
9287.959673 799.3677495691239
9287.959673 800.960474000331
9287.959673 802.553198431538
9287.959673 804.1459228627451
9287.959673 805.7386472939522
9287.959673 807.3313717251592
9287.959673 808.9240961563663
9287.959673 810.5168205875733
9287.959673 812.1095450187804
9287.959673 813.7022694499875
9287.959673 815.2949938811945
9287.959673 816.8877183124016
9287.959673 818.4804427436087
9287.959673 820.0731671748157
9287.959673 821.6658916060228
9287.959673 823.2586160372298
9287.959673 824.8513404684369
9287.959673 826.444064899644
9287.959673 828.036789330851
9287.959673 829.6295137620581
9287.959673 831.2222381932652
9287.959673 832.8149626244722
9287.959673 834.4076870556793
9287.959673 836.0004114868863
9287.959673 837.5931359180934
9287.959673 839.1858603493005
9287.959673 840.7785847805075
9287.959673 842.3713092117146
9287.959673 843.9640336429217
9287.959673 845.5567580741287
9287.959673 847.1494825053358
9287.959673 848.7422069365427
9287.959673 850.3349313677498
9287.959673 851.927655798957
9287.959673 853.5203802301639
9287.959673 855.113104661371
9287.959673 856.7058290925781
9287.959673 858.2985535237851
9287.959673 859.8912779549922
9287.959673 861.4840023861992
9287.959673 863.0767268174063
9287.959673 864.6694512486134
9287.959673 866.2621756798204
9287.959673 867.8549001110275
9287.959673 869.4476245422346
9287.959673 871.0403489734416
9287.959673 872.6330734046487
9287.959673 874.2257978358557
9287.959673 875.8185222670628
9287.959673 877.4112466982699
9287.959673 879.0039711294769
9287.959673 880.596695560684
9287.959673 882.1894199918911
9287.959673 883.7821444230981
9287.959673 885.3748688543052
9287.959673 886.9675932855122
9287.959673 888.5603177167193
9287.959673 890.1530421479264
9287.959673 891.7457665791334
9287.959673 893.3384910103405
9287.959673 894.9312154415476
9287.959673 896.5239398727546
9287.959673 898.1166643039617
9287.959673 899.7093887351687
9287.959673 901.3021131663758
9287.959673 902.8948375975829
9287.959673 904.4875620287899
9287.959673 906.080286459997
9287.959673 907.6730108912041
9287.959673 909.265735322411
9287.959673 910.8584597536181
9287.959673 912.4511841848251
9287.959673 914.0439086160322
9287.959673 915.6366330472393
9287.959673 917.2293574784463
9287.959673 918.8220819096534
9287.959673 920.4148063408605
9287.959673 922.0075307720675
9287.959673 923.6002552032746
9287.959673 925.1929796344816
9287.959673 926.7857040656887
9287.959673 928.3784284968958
9287.959673 929.9711529281028
9287.959673 931.5638773593099
9287.959673 933.156601790517
9287.959673 934.749326221724
9287.959673 936.3420506529311
9287.959673 937.9347750841381
9287.959673 939.5274995153452
9287.959673 941.1202239465523
9287.959673 942.7129483777593
9287.959673 944.3056728089664
9287.959673 945.8983972401735
9287.959673 947.4911216713805
9287.959673 949.0838461025876
9287.959673 950.6765705337946
9287.959673 952.2692949650017
9287.959673 953.8620193962088
9287.959673 955.4547438274158
9287.959673 957.0474682586229
9287.959673 958.64019268983
9287.959673 960.232917121037
9287.959673 961.8256415522441
9287.959673 963.418365983451
9287.959673 965.0110904146582
9287.959673 966.6038148458653
9287.959673 968.1965392770722
9287.959673 969.7892637082793
9287.959673 971.3819881394865
9287.959673 972.9747125706934
9287.959673 974.5674370019005
9287.959673 976.1601614331075
9287.959673 977.7528858643146
9287.959673 979.3456102955217
9287.959673 980.9383347267287
9287.959673 982.5310591579358
9287.959673 984.1237835891429
9287.959673 985.7165080203499
9287.959673 987.309232451557
9287.959673 988.901956882764
9287.959673 990.4946813139711
9287.959673 992.0874057451782
9287.959673 993.6801301763852
9287.959673 995.2728546075923
9287.959673 996.8655790387994
9287.959673 998.4583034700064
9287.959673 1000.0510279012136
9287.959673 1001.6437523324206
9287.959673 1003.2364767636277
9287.959673 1004.8292011948348
9287.959673 1006.4219256260418
9287.959673 1008.0146500572489
9287.959673 1009.6073744884559
9287.959673 1011.200098919663
9287.959673 1012.7928233508701
9287.959673 1014.3855477820771
9287.959673 1015.9782722132842
9287.959673 1017.5709966444913
9287.959673 1019.1637210756983
9287.959673 1020.7564455069054
9287.959673 1022.3491699381124
9287.959673 1023.9418943693195
9287.959673 1025.5346188005265
9287.959673 1027.1273432317337
9287.959673 1028.7200676629407
9287.959673 1030.3127920941477
9287.959673 1031.9055165253549
9287.959673 1033.4982409565619
9287.959673 1035.0909653877688
9287.959673 1036.683689818976
9287.959673 1038.276414250183
9287.959673 1039.86913868139
9287.959673 1041.461863112597
9287.959673 1043.0545875438042
9287.959673 1044.6473119750112
9287.959673 1046.2400364062182
9287.959673 1047.8327608374254
9287.959673 1049.4254852686324
9287.959673 1051.0182096998394
9287.959673 1052.6109341310466
9287.959673 1054.2036585622536
9287.959673 1055.7963829934606
9287.959673 1057.3891074246678
9287.959673 1058.9818318558748
9287.959673 1060.5745562870818
9287.959673 1062.167280718289
9287.959673 1063.760005149496
9287.959673 1065.352729580703
9287.959673 1066.94545401191
9287.959673 1068.5381784431172
9287.959673 1070.1309028743242
9287.959673 1071.7236273055312
9287.959673 1073.3163517367384
9287.959673 1074.9090761679454
9287.959673 1076.5018005991524
9287.959673 1078.0945250303596
9287.959673 1079.6872494615666
9287.959673 1081.2799738927736
9287.959673 1082.8726983239808
9287.959673 1084.4654227551878
9287.959673 1086.0581471863948
9287.959673 1087.650871617602
9287.959673 1089.243596048809
9287.959673 1090.836320480016
9287.959673 1092.429044911223
9287.959673 1094.0217693424302
9287.959673 1095.6144937736372
9287.959673 1097.2072182048441
9287.959673 1098.7999426360514
9287.959673 1100.3926670672583
9287.959673 1101.9853914984653
9287.959673 1103.5781159296725
9287.959673 1105.1708403608795
9287.959673 1106.7635647920865
9287.959673 1108.3562892232937
9287.959673 1109.9490136545007
9287.959673 1111.5417380857077
9287.959673 1113.134462516915
9287.959673 1114.727186948122
9287.959673 1116.319911379329
9287.959673 1117.912635810536
9287.959673 1119.5053602417431
9287.959673 1121.09808467295
9287.959673 1122.690809104157
9287.959673 1124.2835335353643
9287.959673 1125.8762579665713
9287.959673 1127.4689823977783
9287.959673 1129.0617068289855
9287.959673 1130.6544312601925
9287.959673 1132.2471556913995
9287.959673 1133.8398801226067
9287.959673 1135.4326045538137
9287.959673 1137.0253289850207
9287.959673 1138.618053416228
9287.959673 1140.2107778474349
9287.959673 1141.8035022786419
9287.959673 1143.3962267098489
9287.959673 1144.988951141056
9287.959673 1146.581675572263
9287.959673 1148.17440000347
9287.959673 1149.7671244346773
9287.959673 1151.3598488658843
9287.959673 1152.9525732970912
9287.959673 1154.5452977282985
9287.959673 1156.1380221595055
9287.959673 1157.7307465907124
9287.959673 1159.3234710219197
9287.959673 1160.9161954531266
9287.959673 1162.5089198843336
9287.959673 1164.1016443155409
9287.959673 1165.6943687467478
9287.959673 1167.2870931779548
9287.959673 1168.8798176091618
9287.959673 1170.472542040369
9287.959673 1172.065266471576
9287.959673 1173.657990902783
9287.959673 1175.2507153339902
9287.959673 1176.8434397651972
9287.959673 1178.4361641964042
9287.959673 1180.0288886276114
9287.959673 1181.6216130588184
9287.959673 1183.2143374900254
9287.959673 1184.8070619212326
9287.959673 1186.3997863524396
9287.959673 1187.9925107836466
9287.959673 1189.5852352148538
9287.959673 1191.1779596460608
9287.959673 1192.7706840772678
9287.959673 1194.3634085084748
9287.959673 1195.956132939682
9287.959673 1197.548857370889
9287.959673 1199.141581802096
9287.959673 1200.7343062333032
9287.959673 1202.3270306645102
9287.959673 1203.9197550957172
9287.959673 1205.5124795269244
9287.959673 1207.1052039581314
9287.959673 1208.6979283893384
9287.959673 1210.2906528205456
9287.959673 1211.8833772517526
9287.959673 1213.4761016829596
9287.959673 1215.0688261141668
9287.959673 1216.6615505453738
9287.959673 1218.2542749765807
9287.959673 1219.8469994077877
9287.959673 1221.439723838995
9287.959673 1223.032448270202
9287.959673 1224.625172701409
9287.959673 1226.2178971326161
9287.959673 1227.8106215638231
9287.959673 1229.4033459950301
9287.959673 1230.9960704262373
9287.959673 1232.5887948574443
9287.959673 1234.1815192886513
9287.959673 1235.7742437198585
9287.959673 1237.3669681510655
9287.959673 1238.9596925822725
9287.959673 1240.5524170134797
9287.959673 1242.1451414446867
9287.959673 1243.7378658758937
9287.959673 1245.3305903071007
9287.959673 1246.923314738308
9287.959673 1248.516039169515
9287.959673 1250.1087636007219
9287.959673 1251.701488031929
9287.959673 1253.294212463136
9287.959673 1254.886936894343
9287.959673 1256.4796613255503
9287.959673 1258.0723857567573
9287.959673 1259.6651101879643
9287.959673 1261.2578346191715
9287.959673 1262.8505590503785
9287.959673 1264.4432834815855
9287.959673 1266.0360079127927
9287.959673 1267.6287323439997
9287.959673 1269.2214567752067
9287.959673 1270.8141812064137
9287.959673 1272.4069056376209
9287.959673 1273.9996300688279
9287.959673 1275.5923545000348
9287.959673 1277.185078931242
9287.959673 1278.777803362449
9287.959673 1280.370527793656
9287.959673 1281.9632522248633
9287.959673 1283.5559766560702
9287.959673 1285.1487010872772
9287.959673 1286.7414255184844
9287.959673 1288.3341499496914
9287.959673 1289.9268743808984
9287.959673 1291.5195988121056
9287.959673 1293.1123232433126
9287.959673 1294.7050476745196
9287.959673 1296.2977721057266
9287.959673 1297.8904965369338
9287.959673 1299.4832209681408
9287.959673 1301.0759453993478
9287.959673 1302.668669830555
9287.959673 1304.261394261762
9287.959673 1305.854118692969
9287.959673 1307.4468431241762
9287.959673 1309.0395675553832
9287.959673 1310.6322919865902
9287.959673 1312.2250164177974
9287.959673 1313.8177408490044
9287.959673 1315.4104652802114
9287.959673 1317.0031897114186
9287.959673 1318.5959141426256
9287.959673 1320.1886385738326
9287.959673 1321.7813630050396
9287.959673 1323.3740874362468
9287.959673 1324.9668118674538
9287.959673 1326.5595362986608
9287.959673 1328.152260729868
9287.959673 1329.744985161075
9287.959673 1331.337709592282
9287.959673 1332.9304340234892
9287.959673 1334.5231584546962
9287.959673 1336.1158828859031
9287.959673 1337.7086073171104
9287.959673 1339.3013317483174
9287.959673 1340.8940561795243
9287.959673 1342.4867806107316
9287.959673 1344.0795050419385
9287.959673 1345.6722294731455
9287.959673 1347.2649539043525
9287.959673 1348.8576783355597
9287.959673 1350.4504027667667
9287.959673 1352.0431271979737
9287.959673 1353.635851629181
9287.959673 1355.228576060388
9287.959673 1356.821300491595
9287.959673 1358.4140249228021
9287.959673 1360.0067493540091
9287.959673 1361.599473785216
9287.959673 1363.1921982164233
9287.959673 1364.7849226476303
9287.959673 1366.3776470788373
9287.959673 1367.9703715100445
9287.959673 1369.5630959412515
9287.959673 1371.1558203724585
9287.959673 1372.7485448036655
9287.959673 1374.3412692348727
9287.959673 1375.9339936660797
9287.959673 1377.5267180972867
9287.959673 1379.119442528494
9287.959673 1380.7121669597009
9287.959673 1382.3048913909079
9287.959673 1383.897615822115
9287.959673 1385.490340253322
9287.959673 1387.083064684529
9287.959673 1388.6757891157363
9287.959673 1390.2685135469433
9287.959673 1391.8612379781503
9287.959673 1393.4539624093575
9287.959673 1395.0466868405645
9287.959673 1396.6394112717715
9287.959673 1398.2321357029784
9287.959673 1399.8248601341857
9287.959673 1401.4175845653926
9287.959673 1403.0103089965996
9287.959673 1404.6030334278068
9287.959673 1406.1957578590138
9287.959673 1407.7884822902208
9287.959673 1409.381206721428
9287.959673 1410.973931152635
9287.959673 1412.566655583842
9287.959673 1414.1593800150492
9287.959673 1415.7521044462562
9287.959673 1417.3448288774632
9287.959673 1418.9375533086704
9287.959673 1420.5302777398774
9287.959673 1422.1230021710844
9287.959673 1423.7157266022914
9287.959673 1425.3084510334986
9287.959673 1426.9011754647056
9287.959673 1428.4938998959126
9287.959673 1430.0866243271198
9287.959673 1431.6793487583268
9287.959673 1433.2720731895338
9287.959673 1434.864797620741
9287.959673 1436.457522051948
9287.959673 1438.050246483155
9287.959673 1439.6429709143622
9287.959673 1441.2356953455692
9287.959673 1442.8284197767762
9287.959673 1444.4211442079834
9287.959673 1446.0138686391904
9287.959673 1447.6065930703974
9287.959673 1449.1993175016044
9287.959673 1450.7920419328116
9287.959673 1452.3847663640186
9287.959673 1453.9774907952255
9287.959673 1455.5702152264328
9287.959673 1457.1629396576398
9287.959673 1458.7556640888467
9287.959673 1460.348388520054
9287.959673 1461.941112951261
9287.959673 1463.533837382468
9287.959673 1465.1265618136752
9287.959673 1466.7192862448821
9287.959673 1468.3120106760891
9287.959673 1469.9047351072963
9287.959673 1471.4974595385033
9287.959673 1473.0901839697103
9287.959673 1474.6829084009173
9287.959673 1476.2756328321245
9287.959673 1477.8683572633315
9287.959673 1479.4610816945385
9287.959673 1481.0538061257457
9287.959673 1482.6465305569527
9287.959673 1484.2392549881597
9287.959673 1485.831979419367
9287.959673 1487.424703850574
9287.959673 1489.017428281781
9287.959673 1490.610152712988
9287.959673 1492.202877144195
9287.959673 1493.795601575402
9287.959673 1495.3883260066093
9287.959673 1496.9810504378163
9287.959673 1498.5737748690233
9287.959673 1500.1664993002303
9287.959673 1501.7592237314375
9287.959673 1503.3519481626445
9287.959673 1504.9446725938515
9287.959673 1506.5373970250587
9287.959673 1508.1301214562657
9287.959673 1509.7228458874727
9287.959673 1511.3155703186799
9287.959673 1512.9082947498869
9287.959673 1514.5010191810939
9287.959673 1516.093743612301
9287.959673 1517.686468043508
9287.959673 1519.279192474715
9287.959673 1520.8719169059223
9287.959673 1522.4646413371293
9287.959673 1524.0573657683362
9287.959673 1525.6500901995432
9287.959673 1527.2428146307504
9287.959673 1528.8355390619574
9287.959673 1530.4282634931644
9287.959673 1532.0209879243716
9287.959673 1533.6137123555786
9287.959673 1535.2064367867856
9287.959673 1536.7991612179928
9287.959673 1538.3918856491998
9287.959673 1539.9846100804068
9287.959673 1541.577334511614
9287.959673 1543.170058942821
9287.959673 1544.762783374028
9287.959673 1546.3555078052352
9287.959673 1547.9482322364422
9287.959673 1549.5409566676492
9287.959673 1551.1336810988562
9287.959673 1552.7264055300634
9287.959673 1554.3191299612704
9287.959673 1555.9118543924774
9287.959673 1557.5045788236846
9287.959673 1559.0973032548916
9287.959673 1560.6900276860986
9287.959673 1562.2827521173058
9287.959673 1563.8754765485128
9287.959673 1565.4682009797198
9287.959673 1567.060925410927
9287.959673 1568.653649842134
9287.959673 1570.246374273341
9287.959673 1571.8390987045482
9287.959673 1573.4318231357552
9287.959673 1575.0245475669622
9287.959673 1576.6172719981691
9287.959673 1578.2099964293764
9287.959673 1579.8027208605833
9287.959673 1581.3954452917903
9287.959673 1582.9881697229976
9287.959673 1584.5808941542045
9287.959673 1586.1736185854115
9287.959673 1587.7663430166187
9287.959673 1589.3590674478257
9287.959673 1590.9517918790327
9287.959673 1592.54451631024
9287.959673 1594.137240741447
9287.959673 1595.729965172654
9287.959673 1597.3226896038611
9287.959673 1598.9154140350681
9287.959673 1600.508138466275
9287.959673 1602.100862897482
9287.959673 1603.6935873286893
9287.959673 1605.2863117598963
9287.959672999998 1606.8790361911033
9287.95967299999 1608.4717606223105
9287.959672999978 1610.0644850535175
9287.959672999961 1611.6572094847245
9287.959672999938 1613.2499339159317
9287.959672999908 1614.8426583471387
9287.95967299987 1616.4353827783457
9287.95967299982 1618.028107209553
9287.95967299976 1619.62083164076
9287.959672999683 1621.2135560719669
9287.95967299959 1622.806280503174
9287.959672999477 1624.399004934381
9287.95967299934 1625.991729365588
9287.959672999172 1627.584453796795
9287.959672998972 1629.1771782280023
9287.95967299873 1630.7699026592093
9287.95967299844 1632.3626270904163
9287.959672998095 1633.9553515216235
9287.959672997686 1635.5480759528305
9287.959672997198 1637.1408003840374
9287.959672996622 1638.7335248152447
9287.95967299594 1640.3262492464517
9287.959672995128 1641.9189736776586
9287.959672994171 1643.5116981088659
9287.959672993042 1645.1044225400728
9287.959672991712 1646.6971469712798
9287.95967299015 1648.289871402487
9287.959672988316 1649.882595833694
9287.959672986168 1651.475320264901
9287.959672983654 1653.068044696108
9287.959672980716 1654.6607691273152
9287.959672977286 1656.2534935585222
9287.959672973288 1657.8462179897292
9287.959672968631 1659.4389424209364
9287.95967296322 1661.0316668521434
9287.95967295694 1662.6243912833504
9287.959672949659 1664.2171157145576
9287.959672941228 1665.8098401457646
9287.959672931474 1667.4025645769716
9287.959672920211 1668.9952890081788
9287.959672907215 1670.5880134393858
9287.959672892239 1672.1807378705928
9287.959672875002 1673.7734623018
9287.95967285519 1675.366186733007
9287.959672832438 1676.958911164214
9287.959672806342 1678.551635595421
9287.95967277645 1680.1443600266282
9287.959672742241 1681.7370844578352
9287.959672703142 1683.3298088890422
9287.959672658499 1684.9225333202494
9287.959672607585 1686.5152577514564
9287.959672549583 1688.1079821826634
9287.959672483574 1689.7007066138706
9287.959672408535 1691.2934310450776
9287.959672323324 1692.8861554762846
9287.959672226669 1694.4788799074918
9287.959672117142 1696.0716043386988
9287.959671993161 1697.6643287699058
9287.959671852968 1699.257053201113
9287.959671694605 1700.8497776323197
9287.959671515897 1702.4425020635265
9287.959671314435 1704.0352264947335
9287.959671087552 1705.6279509259402
9287.959670832297 1707.220675357147
9287.959670545404 1708.813399788354
9287.959670223272 1710.4061242195608
9287.959669861923 1711.9988486507675
9287.959669456974 1713.5915730819745
9287.959669003601 1715.1842975131813
9287.959668496498 1716.777021944388
9287.959667929834 1718.369746375595
9287.959667297206 1719.9624708068018
9287.959666591594 1721.5551952380085
9287.959665805303 1723.1479196692155
9287.959664929915 1724.740644100422
9287.959663956215 1726.3333685316286
9287.959662874142 1727.9260929628354
9287.959661672714 1729.5188173940417
9287.959660339951 1731.111541825248
9287.9596588628 1732.7042662564543
9287.959657227051 1734.2969906876604
9287.95965541725 1735.8897151188664
9287.959653416605 1737.482439550072
9287.959651206884 1739.0751639812777
9287.959648768308 1740.6678884124826
9287.959646079451 1742.2606128436873
9287.959643117098 1743.8533372748914
9287.959639856148 1745.446061706095
9287.959636269456 1747.0387861372978
9287.959632327711 1748.6315105685
9287.95962799928 1750.2242349997011
9287.95962325006 1751.816959430901
9287.95961804331 1753.4096838620994
9287.95961233948 1755.0024082932962
9287.95960609604 1756.595132724491
9287.959599267278 1758.1878571556833
9287.959591804118 1759.7805815868728
9287.959583653903 1761.3733060180589
9287.959574760187 1762.966030449241
9287.959565062505 1764.5587548804185
9287.959554496148 1766.1514793115905
9287.959542991906 1767.7442037427559
9287.959530475826 1769.3369281739135
9287.959516868937 1770.9296526050623
9287.959502086991 1772.5223770362006
9287.959486040163 1774.1151014673267
9287.959468632765 1775.7078258984384
9287.959449762937 1777.3005503295335
9287.959429322336 1778.8932747606095
9287.959407195807 1780.4859991916626
9287.95938326104 1782.0787236226895
9287.959357388243 1783.6714480536864
9287.959329439762 1785.264172484648
9287.959299269725 1786.8568969155692
9287.959266723672 1788.4496213464433
9287.959231638144 1790.0423457772636
9287.959193840314 1791.635070208022
9287.959153147556 1793.2277946387087
9287.959109367046 1794.8205190693136
9287.959062295333 1796.4132434998248
9287.959011717896 1798.0059679302283
9287.958957408717 1799.598692360509
9287.958899129815 1801.1914167906493
9287.958836630805 1802.7841412206296
9287.958769648414 1804.3768656504276
9287.958697906026 1805.9695900800182
9287.958621113201 1807.5623145093732
9287.958538965187 1809.1550389384608
9287.958451142433 1810.7477633672456
9287.9583573101 1812.3404877956875
9287.958257117563 1813.933212223742
9287.958150197906 1815.525936651359
9287.958036167434 1817.1186610784825
9287.95791462516 1818.7113855050504
9287.957785152297 1820.3041099309933
9287.957647311763 1821.8968343562337
9287.95750064767 1823.489558780686
9287.95734468482 1825.0822832042543
9287.957178928218 1826.6750076268333
9287.957002862557 1828.267732048306
9287.956815951737 1829.8604564685425
9287.956617638372 1831.4531808873996
9287.956407343308 1833.0459053047198
9287.956184465147 1834.638629720328
9287.955948379771 1836.2313541340332
9287.955698439895 1837.824078545624
9287.9554339746 1839.4168029548682
9287.955154288897 1841.009527361512
9287.9548586633 1842.6022517652766
9287.954546353396 1844.1949761658564
9287.954216589442 1845.787700562917
9287.953868575978 1847.3804249560942
9287.953501491425 1848.973149344989
9287.95311448774 1850.5658737291676
9287.952706690045 1852.1585981081569
9287.9522771963 1853.7513224814427
9287.951825076987 1855.344046848465
9287.951349374795 1856.9367712086173
9287.950849104338 1858.529495561241
9287.950323251884 1860.1222199056226
9287.949770775107 1861.71494424099
9287.949190602847 1863.307668566508
9287.948581634899 1864.900392881275
9287.94794274182 1866.493117184317
9287.947272764746 1868.0858414745853
9287.946570515238 1869.6785657509495
9287.945834775132 1871.2712900121926
9287.945064296424 1872.8640142570077
9287.944257801175 1874.4567384839902
9287.94341398141 1876.049462691633
9287.942531499064 1877.6421868783204
9287.941608985928 1879.2349110423222
9287.940645043622 1880.8276351817858
9287.93963824357 1882.4203592947317
9287.938587127015 1884.013083379044
9287.93749020503 1885.6058074324649
9287.936345958546 1887.198531452586
9287.935152838407 1888.7912554368413
9287.93390926543 1890.3839793824989
9287.932613630479 1891.9767032866519
9287.931264294546 1893.569427146211
9287.929859588847 1895.162150957894
9287.928397814927 1896.7548747182182
9287.926877244789 1898.3475984234894
9287.925296121 1899.9403220697936
9287.923652656833 1901.5330456529855
9287.92194503639 1903.125769168679
9287.920171414762 1904.718492612236
9287.918329918153 1906.311215978756
9287.916418644036 1907.9039392630643
9287.9144356613 1909.4966624597005
9287.912379010388 1911.0893855629065
9287.910246703452 1912.6821085666145
9287.90803672449 1914.2748314644346
9287.90574702948 1915.8675542496414
9287.903375546517 1917.460276915161
9287.90092017594 1919.0529994535582
9287.898378790442 1920.6457218570206
9287.895749235184 1922.2384441173467
9287.893029327892 1923.8311662259305
9287.890216858937 1925.4238881737451
9287.88730959142 1927.0166099513297
9287.884305261223 1928.6093315487722
9287.881201577047 1930.2020529556937
9287.877996220453 1931.794774161232
9287.874686845858 1933.3874951540242
9287.871271080538 1934.98021592219
9287.867746524593 1936.5729364533129
9287.864110750901 1938.165656734423
9287.86036130504 1939.7583767519775
9287.856495705199 1941.3510964918416
9287.852511442072 1942.9438159392687
9287.848405978706 1944.53653507888
9287.844176750335 1946.1292538946436
9287.8398211642 1947.7219723698533
9287.83533659932 1949.3146904871066
9287.830720406257 1950.9074082282812
9287.82596990684 1952.5001255745121
9287.821082393873 1954.0928425061686
9287.816055130805 1955.6855590028274
9287.810885351364 1957.2782750432498
9287.805570259196 1958.8709906053527
9287.800107027433 1960.4637056661838
9287.794492798266 1962.0564202018927
9287.788724682465 1963.649134187702
9287.782799758877 1965.2418475978786
9287.776715073915 1966.8345604057022
9287.770467640981 1968.4272725834346
9287.764054439906 1970.0199841022866
9287.757472416311 1971.6126949323843
9287.750718480995 1973.205405042735
9287.743789509248 1974.7981144011915
9287.736682340179 1976.3908229744143
9287.729393775995 1977.9835307278345
9287.721920581254 1979.5762376256134
9287.714259482118 1981.1689436306028
9287.70640716557 1982.7616487043022
9287.698360278604 1984.354352806816
9287.690115427422 1985.947055896808
9287.681669176587 1987.539757931456
9287.673018048186 1989.1324588664033
9287.664158520967 1990.7251586557109
9287.655087029467 1992.317857251804
9287.645799963146 1993.9105546054227
9287.636293665497 1995.503250665566
9287.626564433178 1997.0959453794362
9287.616608515134 1998.6886386923827
9287.606422111723 2000.2813305478426
9287.596001373855 2001.874020887279
9287.585342402153 2003.4667096501191
9287.574441246117 2005.0593967736909
9287.563293903326 2006.6520821931565
9287.551896318651 2008.2447658414444
9287.540244383525 2009.8374476491801
9287.528333935223 2011.4301275446155
9287.516160756204 2013.022805453557
9287.503720573508 2014.6154812992897
9287.491009058187 2016.208155002503
9287.478021824829 2017.800826481213
9287.464754431123 2019.3934956506837
9287.451202377517 2020.986162423347
9287.437361106966 2022.5788267087225
9287.423226004756 2024.171488413335
9287.40879239844 2025.7641474406314
9287.394055557892 2027.356803690897
9287.379010695442 2028.9494570611714
9287.36365296619 2030.5421074451635
9287.347977468411 2032.1347547331673
9287.331979244118 2033.727398811977
9287.315653279786 2035.320039564803
9287.298994507215 2036.9126768711872
9287.28199780458 2038.5053106069217
9287.264657997664 2040.097940643967
9287.24696986125 2041.690566850372
9287.228928120732 2043.283189090197
9287.21052745392 2044.8758072234377
9287.191762493041 2046.4684211059532
9287.172627826969 2048.061030589398
9287.153118003662 2049.6536355211547
9287.133227532835 2051.2462357442746
9287.11295088885 2052.838831097421
9287.092282513837 2054.4314214148176
9287.071216821056 2056.024006526203
9287.049748198471 2057.616586256793
9287.027871012573 2059.2091604272464
9287.005579612414 2060.80172885364
9286.982868333873 2062.3942913474516
9286.95973150413 2063.986847715552
9286.93616344635 2065.5793977602007
9286.912158484554 2067.1719412790585
9286.887710948702 2068.764478065201
9286.862815179904 2070.357007907151
9286.837465535815 2071.949530588912
9286.811656396167 2073.5420458900185
9286.785382168398 2075.1345535855953
9286.7586372934 2076.727053446425
9286.731416251312 2078.3195452390296
9286.70371356737 2079.91202872576
9286.675523817796 2081.5045036649
9286.646841635637 2083.0969698107747
9286.617661716622 2084.689426913876
9286.587978824908 2086.2818747209944
9286.557787798745 2087.8743129753584
9286.527083556031 2089.4667414167866
9286.495861099687 2091.059159781847
9286.46411552287 2092.6515678040228
9286.431842013955 2094.243965213887
9286.399035861292 2095.8363517392795
9286.365692457674 2097.428727105495
9286.331807304536 2099.021091035472
9286.297376015824 2100.613443249983
9286.26239432154 2102.2057834678317
9286.226858070915 2103.798111406048
9286.190763235234 2105.3904267800876
9286.154105910266 2106.9827293040225
9286.1168823183 2108.5750186907403
9286.079088809796 2110.167294652132
9286.04072186462 2111.759556899282
9286.001778092877 2113.351805142648
9285.962254235357 2114.9440390922414
9285.922147163574 2116.5362584577956
9285.881453879414 2118.1284629489305
9285.840171514428 2119.7206522753077
9285.798297328736 2121.312826146779
9285.755828709604 2122.904984273524
9285.712763169697 2124.4971263661782
9285.669098344995 2126.0892521359533
9285.624831992454 2127.6813612947462
9285.579961987385 2129.2734535552368
9285.5344863206 2130.86552863098
9285.488403095327 2132.457586236481
9285.441710523959 2134.049626087265
9285.394406924612 2135.641647899939
9285.346490717562 2137.233651392236
9285.297960421543 2138.8256362830575
9285.248814649976 2140.4176022925044
9285.199052107111 2142.0095491418983
9285.148671584133 2143.601476553796
9285.097671955238 2145.193384251996
9285.046052173713 2146.7852719615357
9284.993811268017 2148.377139408688
9284.940948337911 2149.9689863209446
9284.887462550623 2151.5608124269984
9284.833353137086 2153.1526174567193
9284.778619388251 2154.744401141127
9284.723260651488 2156.3361632123565
9284.667276327089 2157.927903403626
9284.610665864888 2159.5196214491957
9284.553428760973 2161.111317084331
9284.495564554558 2162.7029900452562
9284.437072824938 2164.294640069115
9284.37795318863 2165.8862668939223
9284.318205296599 2167.4778702585227
9284.257828831644 2169.0694499025412
9284.196823505914 2170.6610055663423
9284.135189058567 2172.252536990983
9284.072925253558 2173.8440439181686
9284.010031877564 2175.4355260902107
9283.946508738025 2177.0269832499844
9283.882355661332 2178.6184151408875
9283.817572491129 2180.2098215068027
9283.75215908673 2181.8012020920573
9283.686115321658 2183.3925566413905
9283.619441082285 2184.983884899915
9283.552136266599 2186.5751866130886
9283.48420078303 2188.1664615266805
9283.415634549425 2189.757709386743
9283.346437492051 2191.348929939585
9283.27660954474 2192.940122931746
9283.206150648071 2194.531288109972
9283.13506074865 2196.1224252211964
9283.06333979844 2197.7135340125146
9282.990987754187 2199.3046142311696
9282.91800457686 2200.895665624533
9282.844390231177 2202.486687940091
9282.770144685179 2204.077680925427
9282.69526790983 2205.668644328211
9282.619759878688 2207.259577896187
9282.54362056759 2208.8504813771633
9282.46684995439 2210.4413545190014
9282.3894480187 2212.0321970696086
9282.311414741705 2213.623008776929
9282.232750105964 2215.213789388939
9282.15345409524 2216.804538653639
9282.073526694376 2218.3952563190496
9281.992967889157 2219.9859421332058
9281.911777666206 2221.5765958441525
9281.829956012898 2223.167217199944
9281.747502917266 2224.757805948637
9281.664418367945 2226.3483618382893
9281.580702354104 2227.938884616959
9281.496354865398 2229.5293740327015
9281.41137589193 2231.119829833566
9281.325765424197 2232.7102517675985
9281.239523453083 2234.300639582834
9281.152649969812 2235.890993027303
9281.065144965936 2237.481311849025
9280.977008433314 2239.0715957960115
9280.888240364096 2240.661844616263
9280.798840750704 2242.252058057769
9280.708809585834 2243.842235868509
9280.618146862438 2245.432377796452
9280.526852573717 2247.0224835895556
9280.434926713117 2248.6125529957653
9280.342369274324 2250.202585763017
9280.24918025126 2251.792581639234
9280.15535963807 2253.3825403723295
9280.060907429142 2254.9724617102047
9279.965823619075 2256.562345400751
9279.870108202704 2258.1521911918476
9279.77376117508 2259.741998831364
9279.67678253148 2261.331768067159
9279.579172267395 2262.9214986470806
9279.480930378544 2264.511190318967
9279.382056860859 2266.1008428306463
9279.2825517105 2267.690455929938
9279.182414923835 2269.280029364649
9279.08164649745 2270.8695628825803
9278.980246428158 2272.459056231521
9278.878214712984 2274.0485091592536
9278.775551349167 2275.6379214135495
9278.672256334166 2277.227292742173
9278.56832966566 2278.81662289288
9278.463771341538 2280.405911613417
9278.358581359913 2281.995158651525
9278.252759719107 2283.584363754935
9278.146306417668 2285.1735266713713
9278.039221454348 2286.7626471485514
9277.93150482812 2288.3517249341858
9277.82315653818 2289.9407597759764
9277.714176583928 2291.529751421621
9277.604564964988 2293.11869961881
9277.494321681199 2294.7076041152263
9277.383446732614 2296.2964646585488
9277.271940119503 2297.88528099645
9277.159801842352 2299.474052876597
9277.047031901857 2301.062780046651
9276.933630298938 2302.651462254268
9276.819597034722 2304.2400992471003
9276.70493211056 2305.8286907727943
9276.589635528011 2307.417236578993
9276.47370728885 2309.005736413335
9276.35714739507 2310.594190023453
9276.239955848883 2312.1825971569788
9276.122132652705 2313.770957561539
9276.00367780917 2315.3592709847567
9275.884591321132 2316.9475371742524
9275.76487319166 2318.535755877644
9275.644523424033 2320.1239268425466
9275.523542021747 2321.712049816571
9275.40192898851 2323.3001245473283
9275.279684328247 2324.888150782426
9275.156808045096 2326.47612826947
9275.033300143412 2328.064056756064
9274.90916062776 2329.6519359898125
9274.78438950292 2331.2397657183164
9274.65898677389 2332.8275456891765
9274.532952445883 2334.4152756499934
9274.40628652432 2336.002955348366
9274.278989014841 2337.5905845318935
9274.1510599233 2339.178162948175
9274.022499255761 2340.7656903448105
9273.893307018507 2342.3531664693983
9273.763483218028 2343.940591069539
9273.633027861033 2345.5279638928328
9273.501940954442 2347.1152846868818
9273.370222505395 2348.7025531992886
9273.237872521238 2350.2897691776575
9273.104891009536 2351.8769323695947
9272.971277978064 2353.4640425227076
9272.837033434811 2355.0510993846065
9272.702157387983 2356.6381027029024
9272.566649845996 2358.22505222521
9272.430510817481 2359.811947699148
9272.293740311283 2361.3987888723345
9272.156338336457 2362.9855754923938
9272.018304902273 2364.572307306952
9271.879640018216 2366.1589840636398
9271.740343693982 2367.74560551009
9271.600415939483 2369.3321713939417
9271.459856764843 2370.918681462836
9271.318666180397 2372.50513546442
9271.176844196698 2374.091533146345
9271.034390824503 2375.677874256266
9270.891306074795 2377.2641585418446
9270.747589958757 2378.8503857507476
9270.603242487796 2380.436555630647
9270.458263673525 2382.0226679292196
9270.312653527775 2383.6087223941495
9270.166412062586 2385.1947187731266
9270.019539290211 2386.7806568138462
9269.87203522312 2388.3665362640118
9269.855333411897 2388.5456742544566
