1600.91103478346	-0.00000000300
1600.91103478346	-0.00000000300
1600.91103478346	-0.00000000300
1600.91103478346	-0.00000000300
1602.50375921467	-0.00000000365
1602.50375921467	-0.00000000365
1602.50375921467	-0.00000000365
1602.50375921467	-0.00000000365
1604.09648364587	-0.00000000442
1604.09648364587	-0.00000000442
1604.09648364587	-0.00000000442
1604.09648364587	-0.00000000442
1605.68920807708	-0.00000000536
1605.68920807708	-0.00000000536
1605.68920807708	-0.00000000536
1605.68920807708	-0.00000000536
1607.28193250829	-0.00000000648
1607.28193250829	-0.00000000648
1607.28193250829	-0.00000000648
1607.28193250829	-0.00000000648
1608.87465693949	-0.00000000782
1608.87465693949	-0.00000000782
1608.87465693949	-0.00000000782
1608.87465693949	-0.00000000782
1610.46738137070	-0.00000000942
1610.46738137070	-0.00000000942
1610.46738137070	-0.00000000942
1610.46738137070	-0.00000000942
1612.06010580191	-0.00000001134
1612.06010580191	-0.00000001134
1612.06010580191	-0.00000001134
1612.06010580191	-0.00000001134
1613.65283023312	-0.00000001362
1613.65283023312	-0.00000001362
1613.65283023312	-0.00000001362
1613.65283023312	-0.00000001362
1615.24555466432	-0.00000001633
1615.24555466432	-0.00000001633
1615.24555466432	-0.00000001633
1615.24555466432	-0.00000001633
1616.83827909553	-0.00000001956
1616.83827909553	-0.00000001956
1616.83827909553	-0.00000001956
1616.83827909553	-0.00000001956
1618.43100352674	-0.00000002338
1618.43100352674	-0.00000002338
1618.43100352674	-0.00000002338
1618.43100352674	-0.00000002338
1620.02372795794	-0.00000002791
1620.02372795794	-0.00000002791
1620.02372795794	-0.00000002791
1620.02372795794	-0.00000002791
1621.61645238915	-0.00000003326
1621.61645238915	-0.00000003326
1621.61645238915	-0.00000003326
1621.61645238915	-0.00000003326
1623.20917682036	-0.00000003959
1623.20917682036	-0.00000003959
1623.20917682036	-0.00000003959
1623.20917682036	-0.00000003959
1624.80190125157	-0.00000004704
1624.80190125157	-0.00000004704
1624.80190125157	-0.00000004704
1624.80190125157	-0.00000004704
1626.39462568277	-0.00000005581
1626.39462568277	-0.00000005581
1626.39462568277	-0.00000005581
1626.39462568277	-0.00000005581
1627.98735011398	-0.00000006612
1627.98735011398	-0.00000006612
1627.98735011398	-0.00000006612
1627.98735011398	-0.00000006612
1629.58007454519	-0.00000007821
1629.58007454519	-0.00000007821
1629.58007454519	-0.00000007821
1629.58007454519	-0.00000007821
1631.17279897639	-0.00000009239
1631.17279897639	-0.00000009239
1631.17279897639	-0.00000009239
1631.17279897639	-0.00000009239
1632.76552340760	-0.00000010898
1632.76552340760	-0.00000010898
1632.76552340760	-0.00000010898
1632.76552340760	-0.00000010898
1634.35824783881	-0.00000012836
1634.35824783881	-0.00000012836
1634.35824783881	-0.00000012836
1634.35824783881	-0.00000012836
1635.95097227001	-0.00000015097
1635.95097227001	-0.00000015097
1635.95097227001	-0.00000015097
1635.95097227001	-0.00000015097
1637.54369670122	-0.00000017731
1637.54369670122	-0.00000017731
1637.54369670122	-0.00000017731
1637.54369670122	-0.00000017731
1639.13642113243	-0.00000020796
1639.13642113243	-0.00000020796
1639.13642113243	-0.00000020796
1639.13642113243	-0.00000020796
1640.72914556364	-0.00000024357
1640.72914556364	-0.00000024357
1640.72914556364	-0.00000024357
1640.72914556364	-0.00000024357
1642.32186999484	-0.00000028489
1642.32186999484	-0.00000028489
1642.32186999484	-0.00000028489
1642.32186999484	-0.00000028489
1643.91459442605	-0.00000033276
1643.91459442605	-0.00000033276
1643.91459442605	-0.00000033276
1643.91459442605	-0.00000033276
1645.50731885726	-0.00000038814
1645.50731885726	-0.00000038814
1645.50731885726	-0.00000038814
1645.50731885726	-0.00000038814
1647.10004328846	-0.00000045214
1647.10004328846	-0.00000045214
1647.10004328846	-0.00000045214
1647.10004328846	-0.00000045214
1648.69276771967	-0.00000052599
1648.69276771967	-0.00000052599
1648.69276771967	-0.00000052599
1648.69276771967	-0.00000052599
1650.28549215088	-0.00000061108
1650.28549215088	-0.00000061108
1650.28549215088	-0.00000061108
1650.28549215088	-0.00000061108
1651.87821658209	-0.00000070902
1651.87821658209	-0.00000070902
1651.87821658209	-0.00000070902
1651.87821658209	-0.00000070902
1653.47094101329	-0.00000082157
1653.47094101329	-0.00000082157
1653.47094101329	-0.00000082157
1653.47094101329	-0.00000082157
1655.06366544450	-0.00000095077
1655.06366544450	-0.00000095077
1655.06366544450	-0.00000095077
1655.06366544450	-0.00000095077
1656.65638987571	-0.00000109887
1656.65638987571	-0.00000109887
1656.65638987571	-0.00000109887
1656.65638987571	-0.00000109887
1658.24911430691	-0.00000126844
1658.24911430691	-0.00000126844
1658.24911430691	-0.00000126844
1658.24911430691	-0.00000126844
1659.84183873812	-0.00000146232
1659.84183873812	-0.00000146232
1659.84183873812	-0.00000146232
1659.84183873812	-0.00000146232
1661.43456316933	-0.00000168372
1661.43456316933	-0.00000168372
1661.43456316933	-0.00000168372
1661.43456316933	-0.00000168372
1663.02728760053	-0.00000193625
1663.02728760053	-0.00000193625
1663.02728760053	-0.00000193625
1663.02728760053	-0.00000193625
1664.62001203174	-0.00000222391
1664.62001203174	-0.00000222391
1664.62001203174	-0.00000222391
1664.62001203174	-0.00000222391
1666.21273646295	-0.00000255118
1666.21273646295	-0.00000255118
1666.21273646295	-0.00000255118
1666.21273646295	-0.00000255118
1667.80546089416	-0.00000292307
1667.80546089416	-0.00000292307
1667.80546089416	-0.00000292307
1667.80546089416	-0.00000292307
1669.39818532536	-0.00000334514
1669.39818532536	-0.00000334514
1669.39818532536	-0.00000334514
1669.39818532536	-0.00000334514
1670.99090975657	-0.00000382360
1670.99090975657	-0.00000382360
1670.99090975657	-0.00000382360
1670.99090975657	-0.00000382360
1672.58363418778	-0.00000436531
1672.58363418778	-0.00000436531
1672.58363418778	-0.00000436531
1672.58363418778	-0.00000436531
1674.17635861898	-0.00000497792
1674.17635861898	-0.00000497792
1674.17635861898	-0.00000497792
1674.17635861898	-0.00000497792
1675.76908305019	-0.00000566989
1675.76908305019	-0.00000566989
1675.76908305019	-0.00000566989
1675.76908305019	-0.00000566989
1677.36180748140	-0.00000645059
1677.36180748140	-0.00000645059
1677.36180748140	-0.00000645059
1677.36180748140	-0.00000645059
1678.95453191261	-0.00000733036
1678.95453191261	-0.00000733036
1678.95453191261	-0.00000733036
1678.95453191261	-0.00000733036
1680.54725634381	-0.00000832064
1680.54725634381	-0.00000832064
1680.54725634381	-0.00000832064
1680.54725634381	-0.00000832064
1682.13998077502	-0.00000943403
1682.13998077502	-0.00000943403
1682.13998077502	-0.00000943403
1682.13998077502	-0.00000943403
1683.73270520623	-0.00001068443
1683.73270520623	-0.00001068443
1683.73270520623	-0.00001068443
1683.73270520623	-0.00001068443
1685.32542963743	-0.00001208711
1685.32542963743	-0.00001208711
1685.32542963743	-0.00001208711
1685.32542963743	-0.00001208711
1686.91815406864	-0.00001365884
1686.91815406864	-0.00001365884
1686.91815406864	-0.00001365884
1686.91815406864	-0.00001365884
1688.51087849985	-0.00001541807
1688.51087849985	-0.00001541807
1688.51087849985	-0.00001541807
1688.51087849985	-0.00001541807
1690.10360293105	-0.00001738497
1690.10360293105	-0.00001738497
1690.10360293105	-0.00001738497
1690.10360293105	-0.00001738497
1691.69632736226	-0.00001958166
1691.69632736226	-0.00001958166
1691.69632736226	-0.00001958166
1691.69632736226	-0.00001958166
1693.28905179347	-0.00002203233
1693.28905179347	-0.00002203233
1693.28905179347	-0.00002203233
1693.28905179347	-0.00002203233
1694.88177622468	-0.00002476340
1694.88177622468	-0.00002476340
1694.88177622468	-0.00002476340
1694.88177622468	-0.00002476340
1696.47450065588	-0.00002780369
1696.47450065588	-0.00002780369
1696.47450065588	-0.00002780369
1696.47450065588	-0.00002780369
1698.06722508709	-0.00003118462
1698.06722508709	-0.00003118462
1698.06722508709	-0.00003118462
1698.06722508709	-0.00003118462
1699.65994951830	-0.00003494040
1699.65994951830	-0.00003494040
1699.65994951830	-0.00003494040
1699.65994951830	-0.00003494040
1701.25267394950	-0.00003910822
1701.25267394950	-0.00003910822
1701.25267394950	-0.00003910822
1701.25267394950	-0.00003910822
1702.84539838071	-0.00004372849
1702.84539838071	-0.00004372849
1702.84539838071	-0.00004372849
1702.84539838071	-0.00004372849
1704.43812281192	-0.00004884504
1704.43812281192	-0.00004884504
1704.43812281192	-0.00004884504
1704.43812281192	-0.00004884504
1706.03084724313	-0.00005450538
1706.03084724313	-0.00005450538
1706.03084724313	-0.00005450538
1706.03084724313	-0.00005450538
1707.62357167433	-0.00006076095
1707.62357167433	-0.00006076095
1707.62357167433	-0.00006076095
1707.62357167433	-0.00006076095
1709.21629610554	-0.00006766737
1709.21629610554	-0.00006766737
1709.21629610554	-0.00006766737
1709.21629610554	-0.00006766737
1710.80902053675	-0.00007528471
1710.80902053675	-0.00007528471
1710.80902053675	-0.00007528471
1710.80902053675	-0.00007528471
1712.40174496795	-0.00008367782
1712.40174496795	-0.00008367782
1712.40174496795	-0.00008367782
1712.40174496795	-0.00008367782
1713.99446939916	-0.00009291656
1713.99446939916	-0.00009291656
1713.99446939916	-0.00009291656
1713.99446939916	-0.00009291656
1715.58719383037	-0.00010307617
1715.58719383037	-0.00010307617
1715.58719383037	-0.00010307617
1715.58719383037	-0.00010307617
1717.17991826157	-0.00011423758
1717.17991826157	-0.00011423758
1717.17991826157	-0.00011423758
1717.17991826157	-0.00011423758
1718.77264269278	-0.00012648771
1718.77264269278	-0.00012648771
1718.77264269278	-0.00012648771
1718.77264269278	-0.00012648771
1720.36536712399	-0.00013991987
1720.36536712399	-0.00013991987
1720.36536712399	-0.00013991987
1720.36536712399	-0.00013991987
1721.95809155520	-0.00015463410
1721.95809155520	-0.00015463410
1721.95809155520	-0.00015463410
1721.95809155520	-0.00015463410
1723.55081598640	-0.00017073750
1723.55081598640	-0.00017073750
1723.55081598640	-0.00017073750
1723.55081598640	-0.00017073750
1725.14354041761	-0.00018834470
1725.14354041761	-0.00018834470
1725.14354041761	-0.00018834470
1725.14354041761	-0.00018834470
1726.73626484882	-0.00020757816
1726.73626484882	-0.00020757816
1726.73626484882	-0.00020757816
1726.73626484882	-0.00020757816
1728.32898928002	-0.00022856863
1728.32898928002	-0.00022856863
1728.32898928002	-0.00022856863
1728.32898928002	-0.00022856863
1729.92171371123	-0.00025145556
1729.92171371123	-0.00025145556
1729.92171371123	-0.00025145556
1729.92171371123	-0.00025145556
1731.51443814244	-0.00027638749
1731.51443814244	-0.00027638749
1731.51443814244	-0.00027638749
1731.51443814244	-0.00027638749
1733.10716257364	-0.00030352251
1733.10716257364	-0.00030352251
1733.10716257364	-0.00030352251
1733.10716257364	-0.00030352251
1734.69988700485	-0.00033302870
1734.69988700485	-0.00033302870
1734.69988700485	-0.00033302870
1734.69988700485	-0.00033302870
1736.29261143605	-0.00036508455
1736.29261143605	-0.00036508455
1736.29261143605	-0.00036508455
1736.29261143605	-0.00036508455
1737.88533586726	-0.00039987942
1737.88533586726	-0.00039987942
1737.88533586726	-0.00039987942
1737.88533586726	-0.00039987942
1739.47806029846	-0.00043761403
1739.47806029846	-0.00043761403
1739.47806029846	-0.00043761403
1739.47806029846	-0.00043761403
1741.07078472967	-0.00047850086
1741.07078472967	-0.00047850086
1741.07078472967	-0.00047850086
1741.07078472967	-0.00047850086
1742.66350916087	-0.00052276467
1742.66350916087	-0.00052276467
1742.66350916087	-0.00052276467
1742.66350916087	-0.00052276467
1744.25623359208	-0.00057064290
1744.25623359208	-0.00057064290
1744.25623359208	-0.00057064290
1744.25623359208	-0.00057064290
1745.84895802328	-0.00062238621
1745.84895802328	-0.00062238621
1745.84895802328	-0.00062238621
1745.84895802328	-0.00062238621
1747.44168245448	-0.00067825886
1747.44168245448	-0.00067825886
1747.44168245448	-0.00067825886
1747.44168245448	-0.00067825886
1749.03440688569	-0.00073853924
1749.03440688568	-0.00073853924
1749.03440688568	-0.00073853924
1749.03440688568	-0.00073853924
1750.62713131689	-0.00080352027
1750.62713131689	-0.00080352027
1750.62713131688	-0.00080352027
1750.62713131688	-0.00080352027
1752.21985574808	-0.00087350986
1752.21985574808	-0.00087350987
1752.21985574808	-0.00087350987
1752.21985574808	-0.00087350987
1753.81258017928	-0.00094883138
1753.81258017928	-0.00094883139
1753.81258017928	-0.00094883139
1753.81258017928	-0.00094883139
1755.40530461048	-0.00102982404
1755.40530461048	-0.00102982404
1755.40530461048	-0.00102982404
1755.40530461048	-0.00102982405
1756.99802904167	-0.00111684332
1756.99802904167	-0.00111684332
1756.99802904167	-0.00111684332
1756.99802904167	-0.00111684332
1758.59075347286	-0.00121026138
1758.59075347286	-0.00121026138
1758.59075347286	-0.00121026138
1758.59075347286	-0.00121026139
1760.18347790405	-0.00131046744
1760.18347790405	-0.00131046744
1760.18347790405	-0.00131046744
1760.18347790405	-0.00131046745
1761.77620233523	-0.00141786814
1761.77620233523	-0.00141786814
1761.77620233523	-0.00141786814
1761.77620233523	-0.00141786815
1763.36892676641	-0.00153288788
1763.36892676641	-0.00153288789
1763.36892676641	-0.00153288789
1763.36892676641	-0.00153288789
1764.96165119759	-0.00165596916
1764.96165119758	-0.00165596916
1764.96165119758	-0.00165596916
1764.96165119758	-0.00165596917
1766.55437562875	-0.00178757284
1766.55437562875	-0.00178757284
1766.55437562875	-0.00178757284
1766.55437562875	-0.00178757285
1768.14710005991	-0.00192817843
1768.14710005991	-0.00192817844
1768.14710005991	-0.00192817844
1768.14710005991	-0.00192817844
1769.73982449106	-0.00207828435
1769.73982449106	-0.00207828436
1769.73982449106	-0.00207828436
1769.73982449106	-0.00207828436
1771.33254892221	-0.00223840807
1771.33254892220	-0.00223840808
1771.33254892220	-0.00223840808
1771.33254892220	-0.00223840809
1772.92527335334	-0.00240908634
1772.92527335333	-0.00240908635
1772.92527335333	-0.00240908635
1772.92527335332	-0.00240908636
1774.51799778445	-0.00259087530
1774.51799778445	-0.00259087531
1774.51799778445	-0.00259087531
1774.51799778444	-0.00259087532
1776.11072221555	-0.00278435055
1776.11072221555	-0.00278435056
1776.11072221555	-0.00278435056
1776.11072221554	-0.00278435057
1777.70344664664	-0.00299010723
1777.70344664663	-0.00299010725
1777.70344664663	-0.00299010725
1777.70344664662	-0.00299010726
1779.29617107770	-0.00320876003
1779.29617107769	-0.00320876004
1779.29617107769	-0.00320876004
1779.29617107767	-0.00320876006
1780.88889550873	-0.00344094310
1780.88889550872	-0.00344094312
1780.88889550872	-0.00344094312
1780.88889550871	-0.00344094314
1782.48161993974	-0.00368731003
1782.48161993972	-0.00368731005
1782.48161993972	-0.00368731005
1782.48161993971	-0.00368731007
1784.07434437071	-0.00394853367
1784.07434437070	-0.00394853369
1784.07434437069	-0.00394853369
1784.07434437068	-0.00394853371
1785.66706880165	-0.00422530592
1785.66706880163	-0.00422530594
1785.66706880163	-0.00422530594
1785.66706880161	-0.00422530597
1787.25979323254	-0.00451833752
1787.25979323251	-0.00451833755
1787.25979323251	-0.00451833755
1787.25979323249	-0.00451833758
1788.85251766337	-0.00482835776
1788.85251766335	-0.00482835779
1788.85251766335	-0.00482835779
1788.85251766332	-0.00482835782
1790.44524209415	-0.00515611405
1790.44524209412	-0.00515611409
1790.44524209412	-0.00515611409
1790.44524209409	-0.00515611412
1792.03796652486	-0.00550237158
1792.03796652483	-0.00550237162
1792.03796652483	-0.00550237162
1792.03796652479	-0.00550237166
1793.63069095550	-0.00586791279
1793.63069095545	-0.00586791284
1793.63069095545	-0.00586791284
1793.63069095541	-0.00586791289
1795.22341538604	-0.00625353687
1795.22341538599	-0.00625353692
1795.22341538599	-0.00625353692
1795.22341538594	-0.00625353697
1796.81613981647	-0.00666005910
1796.81613981642	-0.00666005916
1796.81613981642	-0.00666005916
1796.81613981636	-0.00666005922
1798.40886424679	-0.00708831026
1798.40886424673	-0.00708831033
1798.40886424673	-0.00708831033
1798.40886424667	-0.00708831039
1800.00158867698	-0.00753913585
1800.00158867691	-0.00753913592
1800.00158867691	-0.00753913592
1800.00158867684	-0.00753913599
1801.59431310701	-0.00801339531
1801.59431310693	-0.00801339539
1801.59431310693	-0.00801339539
1801.59431310685	-0.00801339548
1803.18703753687	-0.00851196120
1803.18703753678	-0.00851196129
1803.18703753677	-0.00851196129
1803.18703753668	-0.00851196138
1804.77976196652	-0.00903571825
1804.77976196642	-0.00903571835
1804.77976196642	-0.00903571835
1804.77976196631	-0.00903571845
1806.37248639595	-0.00958556240
1806.37248639584	-0.00958556251
1806.37248639583	-0.00958556251
1806.37248639571	-0.00958556262
1807.96521082513	-0.01016239976
1807.96521082499	-0.01016239988
1807.96521082499	-0.01016239988
1807.96521082485	-0.01016240000
1809.55793525401	-0.01076714553
1809.55793525386	-0.01076714566
1809.55793525385	-0.01076714566
1809.55793525369	-0.01076714580
1811.15065968256	-0.01140072284
1811.15065968239	-0.01140072299
1811.15065968238	-0.01140072299
1811.15065968220	-0.01140072314
1812.74338411073	-0.01206406154
1812.74338411054	-0.01206406171
1812.74338411053	-0.01206406171
1812.74338411033	-0.01206406188
1814.33610853849	-0.01275809696
1814.33610853827	-0.01275809714
1814.33610853826	-0.01275809714
1814.33610853804	-0.01275809733
1815.92883296577	-0.01348376857
1815.92883296552	-0.01348376878
1815.92883296551	-0.01348376878
1815.92883296526	-0.01348376898
1817.52155739251	-0.01424201867
1817.52155739223	-0.01424201889
1817.52155739222	-0.01424201889
1817.52155739194	-0.01424201912
1819.11428181865	-0.01503379093
1819.11428181833	-0.01503379118
1819.11428181832	-0.01503379118
1819.11428181800	-0.01503379143
1820.70700624411	-0.01586002902
1820.70700624376	-0.01586002929
1820.70700624374	-0.01586002929
1820.70700624338	-0.01586002957
1822.29973066880	-0.01672167507
1822.29973066841	-0.01672167538
1822.29973066840	-0.01672167538
1822.29973066799	-0.01672167568
1823.89245509265	-0.01761966822
1823.89245509221	-0.01761966855
1823.89245509219	-0.01761966855
1823.89245509174	-0.01761966888
1825.48517951553	-0.01855494303
1825.48517951504	-0.01855494339
1825.48517951502	-0.01855494339
1825.48517951451	-0.01855494376
1827.07790393735	-0.01952842796
1827.07790393679	-0.01952842836
1827.07790393678	-0.01952842836
1827.07790393621	-0.01952842876
1828.67062835796	-0.02054104380
1828.67062835735	-0.02054104423
1828.67062835733	-0.02054104423
1828.67062835669	-0.02054104467
1830.26335277725	-0.02159370203
1830.26335277656	-0.02159370250
1830.26335277654	-0.02159370250
1830.26335277583	-0.02159370298
1831.85607719504	-0.02268730330
1831.85607719427	-0.02268730381
1831.85607719425	-0.02268730381
1831.85607719346	-0.02268730433
1833.44880161117	-0.02382273577
1833.44880161032	-0.02382273633
1833.44880161029	-0.02382273633
1833.44880160941	-0.02382273689
1835.04152602546	-0.02500087357
1835.04152602451	-0.02500087418
1835.04152602448	-0.02500087418
1835.04152602350	-0.02500087479
1836.63425043770	-0.02622257519
1836.63425043664	-0.02622257585
1836.63425043661	-0.02622257585
1836.63425043553	-0.02622257652
1838.22697484765	-0.02748868193
1838.22697484649	-0.02748868266
1838.22697484645	-0.02748868266
1838.22697484525	-0.02748868338
1839.81969925509	-0.02880001639
1839.81969925379	-0.02880001717
1839.81969925376	-0.02880001717
1839.81969925242	-0.02880001795
1841.41242365973	-0.03015738090
1841.41242365829	-0.03015738174
1841.41242365825	-0.03015738174
1841.41242365678	-0.03015738259
1843.00514806127	-0.03156155612
1843.00514805969	-0.03156155704
1843.00514805964	-0.03156155704
1843.00514805801	-0.03156155796
1844.59787245940	-0.03301329960
1844.59787245765	-0.03301330059
1844.59787245760	-0.03301330059
1844.59787245579	-0.03301330158
1846.19059685375	-0.03451334438
1846.19059685181	-0.03451334545
1846.19059685176	-0.03451334545
1846.19059684977	-0.03451334651
1847.78332124393	-0.03606239768
1847.78332124180	-0.03606239883
1847.78332124174	-0.03606239883
1847.78332123955	-0.03606239998
1849.37604562953	-0.03766113969
1849.37604562718	-0.03766114093
1849.37604562712	-0.03766114093
1849.37604562470	-0.03766114217
1850.96877001008	-0.03931022232
1850.96877000749	-0.03931022365
1850.96877000742	-0.03931022365
1850.96877000477	-0.03931022498
1852.56149438508	-0.04101026814
1852.56149438223	-0.04101026957
1852.56149438216	-0.04101026957
1852.56149437924	-0.04101027100
1854.15421875397	-0.04276186934
1854.15421875085	-0.04276187088
1854.15421875077	-0.04276187088
1854.15421874756	-0.04276187241
1855.74694311618	-0.04456558679
1855.74694311275	-0.04456558843
1855.74694311266	-0.04456558843
1855.74694310915	-0.04456559008
1857.33966747104	-0.04642194918
1857.33966746729	-0.04642195094
1857.33966746719	-0.04642195094
1857.33966746334	-0.04642195270
1858.93239181788	-0.04833145228
1858.93239181377	-0.04833145417
1858.93239181366	-0.04833145417
1858.93239180945	-0.04833145605
1860.52511615592	-0.05029455831
1860.52511615143	-0.05029456033
1860.52511615132	-0.05029456033
1860.52511614671	-0.05029456234
1862.11784048436	-0.05231169537
1862.11784047945	-0.05231169752
1862.11784047933	-0.05231169752
1862.11784047430	-0.05231169967
1863.71056480231	-0.05438325702
1863.71056479695	-0.05438325931
1863.71056479682	-0.05438325931
1863.71056479133	-0.05438326160
1865.30328910882	-0.05650960195
1865.30328910297	-0.05650960439
1865.30328910283	-0.05650960439
1865.30328909684	-0.05650960683
1866.89601340285	-0.05869105382
1866.89601339649	-0.05869105641
1866.89601339633	-0.05869105641
1866.89601338981	-0.05869105901
1868.48873768331	-0.06092790112
1868.48873767638	-0.06092790388
1868.48873767621	-0.06092790388
1868.48873766911	-0.06092790664
1870.08146194900	-0.06322039727
1870.08146194146	-0.06322040020
1870.08146194128	-0.06322040020
1870.08146193356	-0.06322040312
1871.67418619864	-0.06556876072
1871.67418619045	-0.06556876383
1871.67418619025	-0.06556876383
1871.67418618187	-0.06556876694
1873.26691043084	-0.06797317531
1873.26691042195	-0.06797317861
1873.26691042174	-0.06797317861
1873.26691041265	-0.06797318190
1874.85963464414	-0.07043379062
1874.85963463450	-0.07043379411
1874.85963463428	-0.07043379411
1874.85963462441	-0.07043379759
1876.45235883695	-0.07295072254
1876.45235882650	-0.07295072623
1876.45235882626	-0.07295072622
1876.45235881557	-0.07295072991
1878.04508300756	-0.07552405391
1878.04508299625	-0.07552405780
1878.04508299600	-0.07552405780
1878.04508298443	-0.07552406170
1879.63780715417	-0.07815383532
1879.63780714193	-0.07815383944
1879.63780714166	-0.07815383943
1879.63780712915	-0.07815384355
1881.23053127482	-0.08084008603
1881.23053126160	-0.08084009037
1881.23053126130	-0.08084009037
1881.23053124779	-0.08084009471
1882.82325536744	-0.08358279496
1882.82325535316	-0.08358279953
1882.82325535284	-0.08358279953
1882.82325533825	-0.08358280410
1884.41597942980	-0.08638192184
1884.41597941440	-0.08638192665
1884.41597941406	-0.08638192665
1884.41597939833	-0.08638193147
1886.00870345955	-0.08923739849
1886.00870344295	-0.08923740356
1886.00870344259	-0.08923740356
1886.00870342563	-0.08923740862
1887.60142745416	-0.09214913017
1887.60142743628	-0.09214913549
1887.60142743590	-0.09214913549
1887.60142741763	-0.09214914082
1889.19415141095	-0.09511699704
1889.19415139170	-0.09511700263
1889.19415139129	-0.09511700263
1889.19415137164	-0.09511700822
1890.78687532704	-0.09814085576
1890.78687530635	-0.09814086163
1890.78687530591	-0.09814086163
1890.78687528479	-0.09814086749
1892.37959919942	-0.10122054114
1892.37959917718	-0.10122054729
1892.37959917672	-0.10122054729
1892.37959915402	-0.10122055344
1893.97232302484	-0.10435586790
1893.97232300096	-0.10435587434
1893.97232300047	-0.10435587434
1893.97232297611	-0.10435588078
1895.56504679987	-0.10754663255
1895.56504677426	-0.10754663930
1895.56504677374	-0.10754663930
1895.56504674761	-0.10754664604
1897.15777052089	-0.11079261530
1897.15777049344	-0.11079262235
1897.15777049289	-0.11079262235
1897.15777046489	-0.11079262941
1898.75049418404	-0.11409358205
1898.75049415464	-0.11409358942
1898.75049415405	-0.11409358942
1898.75049412406	-0.11409359679
1900.34321778524	-0.11744928649
1900.34321775376	-0.11744929419
1900.34321775314	-0.11744929419
1900.34321772105	-0.11744930189
1901.93594132015	-0.12085947223
1901.93594128649	-0.12085948026
1901.93594128584	-0.12085948026
1901.93594125152	-0.12085948829
1903.52866478423	-0.12432387497
1903.52866474825	-0.12432388335
1903.52866474756	-0.12432388335
1903.52866471089	-0.12432389173
1905.12138817263	-0.12784222478
1905.12138813421	-0.12784223351
1905.12138813348	-0.12784223351
1905.12138809432	-0.12784224224
1906.71411148025	-0.13141424835
1906.71411143925	-0.13141425744
1906.71411143848	-0.13141425744
1906.71411139670	-0.13141426653
1908.30683470172	-0.13503967129
1908.30683465800	-0.13503968075
1908.30683465718	-0.13503968075
1908.30683461264	-0.13503969021
1909.89955783135	-0.13871822053
1909.89955778476	-0.13871823037
1909.89955778390	-0.13871823036
1909.89955773644	-0.13871824020
1911.49228086317	-0.14244962663
1911.49228081355	-0.14244963685
1911.49228081263	-0.14244963685
1911.49228076210	-0.14244964708
1913.08500379086	-0.14623362619
1913.08500373805	-0.14623363682
1913.08500373709	-0.14623363681
1913.08500368332	-0.14623364743
1914.67772660779	-0.15006996424
1914.67772655163	-0.15006997526
1914.67772655062	-0.15006997526
1914.67772649344	-0.15006998628
1916.27044930699	-0.15395839658
1916.27044924729	-0.15395840801
1916.27044924623	-0.15395840801
1916.27044918547	-0.15395841945
1917.86317188111	-0.15789869221
1917.86317181770	-0.15789870406
1917.86317181658	-0.15789870406
1917.86317175206	-0.15789871592
1919.45589432244	-0.16189063567
1919.45589425514	-0.16189064796
1919.45589425396	-0.16189064796
1919.45589418549	-0.16189066024
1921.04861662289	-0.16593402941
1921.04861655150	-0.16593404214
1921.04861655026	-0.16593404213
1921.04861647763	-0.16593405486
1922.64133877395	-0.17002869607
1922.64133869827	-0.17002870924
1922.64133869697	-0.17002870924
1922.64133861999	-0.17002872241
1924.23406076672	-0.17417448080
1924.23406068653	-0.17417449443
1924.23406068517	-0.17417449442
1924.23406060363	-0.17417450805
1925.82678259185	-0.17837125350
1925.82678250694	-0.17837126759
1925.82678250552	-0.17837126759
1925.82678241918	-0.17837128168
1927.41950423955	-0.18261891103
1927.41950414969	-0.18261892560
1927.41950414820	-0.18261892559
1927.41950405685	-0.18261894016
1929.01222569955	-0.18691737935
1929.01222560453	-0.18691739440
1929.01222560296	-0.18691739440
1929.01222550636	-0.18691740945
1930.60494696114	-0.19126661565
1930.60494686069	-0.19126663119
1930.60494685905	-0.19126663119
1930.60494675696	-0.19126664673
1932.19766801308	-0.19566661035
1932.19766790697	-0.19566662640
1932.19766790525	-0.19566662639
1932.19766779741	-0.19566664243
1933.79038884363	-0.20011738912
1933.79038873158	-0.20011740567
1933.79038872979	-0.20011740567
1933.79038861595	-0.20011742222
1935.38310944051	-0.20461901473
1935.38310932227	-0.20461903181
1935.38310932039	-0.20461903180
1935.38310920027	-0.20461904887
1936.97582979091	-0.20917158894
1936.97582966619	-0.20917160655
1936.97582966423	-0.20917160654
1936.97582953755	-0.20917162414
1938.56854988142	-0.21377525418
1938.56854974995	-0.21377527233
1938.56854974790	-0.21377527232
1938.56854961438	-0.21377529046
1940.16126969808	-0.21843019526
1940.16126955955	-0.21843021396
1940.16126955741	-0.21843021395
1940.16126941675	-0.21843023265
1941.75398922629	-0.22313664093
1941.75398908041	-0.22313666019
1941.75398907818	-0.22313666019
1941.75398893006	-0.22313667944
1943.34670845086	-0.22789486535
1943.34670829730	-0.22789488518
1943.34670829497	-0.22789488518
1943.34670813909	-0.22789490500
1944.93942735592	-0.23270518946
1944.93942719436	-0.23270520987
1944.93942719193	-0.23270520987
1944.93942702795	-0.23270523028
1946.53214592493	-0.23756798227
1946.53214575504	-0.23756800328
1946.53214575251	-0.23756800327
1946.53214558008	-0.23756802428
1948.12486414070	-0.24248366202
1948.12486396212	-0.24248368364
1948.12486395948	-0.24248368363
1948.12486377827	-0.24248370525
1949.71758198527	-0.24745269724
1949.71758179765	-0.24745271949
1949.71758179491	-0.24745271948
1949.71758160454	-0.24745274171
1951.31029944000	-0.25247560768
1951.31029924296	-0.25247563056
1951.31029924010	-0.25247563055
1951.31029904020	-0.25247565342
1952.90301648544	-0.25755296512
1952.90301627860	-0.25755298864
1952.90301627563	-0.25755298863
1952.90301606582	-0.25755301215
1954.49573310138	-0.26268539404
1954.49573288435	-0.26268541822
1954.49573288126	-0.26268541821
1954.49573266113	-0.26268544239
1956.08844926681	-0.26787357221
1956.08844903918	-0.26787359708
1956.08844903596	-0.26787359706
1956.08844880511	-0.26787362192
1957.68116495985	-0.27311823110
1957.68116472120	-0.27311825665
1957.68116471786	-0.27311825664
1957.68116447586	-0.27311828218
1959.27388015780	-0.27842015609
1959.27387990769	-0.27842018235
1959.27387990421	-0.27842018234
1959.27387965063	-0.27842020859
1960.86659483703	-0.28378018668
1960.86659457502	-0.28378021367
1960.86659457141	-0.28378021366
1960.86659430578	-0.28378024063
1962.45930897302	-0.28919921639
1962.45930869864	-0.28919924412
1962.45930869489	-0.28919924411
1962.45930841676	-0.28919927182
1964.05202254029	-0.29467819258
1964.05202225306	-0.29467822106
1964.05202224917	-0.29467822105
1964.05202195805	-0.29467824952
1965.64473551237	-0.30021811606
1965.64473521181	-0.30021814532
1965.64473520776	-0.30021814531
1965.64473490315	-0.30021817456
1967.23744786180	-0.30582004059
1967.23744754739	-0.30582007064
1967.23744754319	-0.30582007063
1967.23744722458	-0.30582010067
1968.83015956006	-0.31148507206
1968.83015923128	-0.31148510293
1968.83015922693	-0.31148510292
1968.83015889379	-0.31148513378
1970.42287057758	-0.31721436765
1970.42287023388	-0.31721439936
1970.42287022936	-0.31721439934
1970.42286988115	-0.31721443103
1972.01558088364	-0.32300913460
1972.01558052447	-0.32300916717
1972.01558051979	-0.32300916715
1972.01558015594	-0.32300919970
1973.60829044642	-0.32887062892
1973.60829007120	-0.32887066236
1973.60829006635	-0.32887066235
1973.60828968628	-0.32887069578
1975.20099923289	-0.33480015377
1975.20099884102	-0.33480018812
1975.20099883600	-0.33480018810
1975.20099843910	-0.33480022243
1976.79370720880	-0.34079905764
1976.79370679968	-0.34079909292
1976.79370679446	-0.34079909290
1976.79370638013	-0.34079912816
1978.38641433866	-0.34686873232
1978.38641391163	-0.34686876855
1978.38641390624	-0.34686876853
1978.38641347382	-0.34686880474
1979.97912058565	-0.35301061049
1979.97912014008	-0.35301064770
1979.97912013449	-0.35301064768
1979.97911968332	-0.35301068487
1981.57182591164	-0.35922616317
1981.57182544684	-0.35922620139
1981.57182544105	-0.35922620137
1981.57182497047	-0.35922623956
1983.16453027710	-0.36551689680
1983.16452979238	-0.36551693605
1983.16452978639	-0.36551693602
1983.16452929568	-0.36551697525
1984.75723364108	-0.37188435000
1984.75723313572	-0.37188439031
1984.75723312951	-0.37188439029
1984.75723261795	-0.37188443058
1986.34993596114	-0.37833009009
1986.34993543440	-0.37833013150
1986.34993542798	-0.37833013147
1986.34993489481	-0.37833017285
1987.94263719335	-0.38485570919
1987.94263664445	-0.38485575172
1987.94263663781	-0.38485575169
1987.94263608226	-0.38485579419
1989.53533729217	-0.39146282001
1989.53533672033	-0.39146286369
1989.53533671345	-0.39146286366
1989.53533613474	-0.39146290731
1991.12803621046	-0.39815305124
1991.12803561486	-0.39815309610
1991.12803560775	-0.39815309607
1991.12803500504	-0.39815314091
1992.72073389942	-0.40492804259
1992.72073327922	-0.40492808868
1992.72073327186	-0.40492808865
1992.72073264430	-0.40492813470
1994.31343030849	-0.41178943941
1994.31342966282	-0.41178948674
1994.31342965521	-0.41178948671
1994.31342900193	-0.41178953401
1995.90612538537	-0.41873888684
1995.90612471332	-0.41873893546
1995.90612470546	-0.41873893542
1995.90612402555	-0.41873898401
1997.49881907588	-0.42577802358
1997.49881837654	-0.42577807353
1997.49881836841	-0.42577807349
1997.49881766093	-0.42577812340
1999.09151132397	-0.43290847522
1999.09151059638	-0.43290852652
1999.09151058797	-0.43290852648
1999.09150985197	-0.43290857775
2000.68420207163	-0.44013184697
2000.68420131480	-0.44013189966
2000.68420130611	-0.44013189962
2000.68420054059	-0.44013195228
2002.27689125882	-0.44744971603
2002.27689047174	-0.44744977015
2002.27689046275	-0.44744977011
2002.27688966669	-0.44744982419
2003.86957882343	-0.45486362340
2003.86957800504	-0.45486367899
2003.86957799575	-0.45486367895
2003.86957716808	-0.45486373450
2005.46226470118	-0.46237506516
2005.46226385040	-0.46237512226
2005.46226384081	-0.46237512221
2005.46226298044	-0.46237517926
2007.05494882560	-0.46998548321
2007.05494794132	-0.46998554185
2007.05494793141	-0.46998554180
2007.05494703722	-0.46998560040
2008.64763112792	-0.47769625550
2008.64763020898	-0.47769631572
2008.64763019875	-0.47769631567
2008.64762926957	-0.47769637584
2010.24031153702	-0.48550868566
2010.24031058224	-0.48550874750
2010.24031057167	-0.48550874744
2010.24030960631	-0.48550880923
2011.83298997935	-0.49342399210
2011.83298898751	-0.49342405559
2011.83298897659	-0.49342405554
2011.83298797382	-0.49342411897
2013.42566637886	-0.50144329654
2013.42566534870	-0.50144336172
2013.42566533741	-0.50144336166
2013.42566429597	-0.50144342679
2015.01834065692	-0.50956761197
2015.01833958714	-0.50956767887
2015.01833957549	-0.50956767881
2015.01833849406	-0.50956774566
2016.61101273225	-0.51779783007
2016.61101162152	-0.51779789874
2016.61101160949	-0.51779789867
2016.61101048672	-0.51779796728
2018.20368252085	-0.52613470808
2018.20368136778	-0.52613477854
2018.20368135536	-0.52613477848
2018.20368018987	-0.52613484887
2019.79634993588	-0.53457885514
2019.79634873907	-0.53457892743
2019.79634872624	-0.53457892736
2019.79634751661	-0.53457899958
2021.38901488763	-0.54313071813
2021.38901364562	-0.54313079227
2021.38901363238	-0.54313079220
2021.38901237714	-0.54313086627
2022.98167728341	-0.55179056703
2022.98167599471	-0.55179064305
2022.98167598105	-0.55179064298
2022.98167467868	-0.55179071893
2024.57433702748	-0.56055847987
2024.57433569054	-0.56055855781
2024.57433567644	-0.56055855773
2024.57433432541	-0.56055863559
2026.16699402095	-0.56943432729
2026.16699263420	-0.56943440716
2026.16699261965	-0.56943440708
2026.16699121835	-0.56943448687
2027.75964816170	-0.57841775671
2027.75964672352	-0.57841783853
2027.75964670851	-0.57841783845
2027.75964525531	-0.57841792019
2029.35229934432	-0.58750817634
2029.35229785304	-0.58750826013
2029.35229783756	-0.58750826004
2029.35229633079	-0.58750834374
2030.94494745999	-0.59670473890
2030.94494591391	-0.59670482467
2030.94494589793	-0.59670482458
2030.94494433588	-0.59670491026
2032.53759239642	-0.60600632534
2032.53759079379	-0.60600641310
2032.53759077731	-0.60600641300
2032.53758915820	-0.60600650067
2034.13023403774	-0.61541152847
2034.13023237677	-0.61541161822
2034.13023235978	-0.61541161812
2034.13023068182	-0.61541170777
2035.72287226446	-0.62491863678
2035.72287054332	-0.62491872852
2035.72287052580	-0.62491872842
2035.72286878714	-0.62491882006
2037.31550695333	-0.63452561846
2037.31550517015	-0.63452571219
2037.31550515209	-0.63452571208
2037.31550335084	-0.63452580569
2038.90813797731	-0.64423010580
2038.90813613018	-0.64423020149
2038.90813611156	-0.64423020138
2038.90813424581	-0.64423029696
2040.50076520546	-0.65402938015
2040.50076329243	-0.65402947779
2040.50076327323	-0.65402947767
2040.50076134100	-0.65402957519
2042.09338850287	-0.66392035754
2042.09338652194	-0.66392045709
2042.09338650216	-0.66392045697
2042.09338450145	-0.66392055640
2043.68600773057	-0.67389957518
2043.68600567971	-0.67389967662
2043.68600565934	-0.67389967649
2043.68600358811	-0.67389977780
2045.27862274549	-0.68396317904
2045.27862062265	-0.68396328232
2045.27862060166	-0.68396328218
2045.27861845783	-0.68396338532
2046.87123340035	-0.69410691265
2046.87123120343	-0.69410701770
2046.87123118181	-0.69410701757
2046.87122896327	-0.69410712249
2048.46383954364	-0.70432610735
2048.46383727050	-0.70432621413
2048.46383724824	-0.70432621398
2048.46383495285	-0.70432632062
2050.05644101950	-0.71461567428
2050.05643866799	-0.71461578271
2050.05643864508	-0.71461578256
2050.05643627066	-0.71461589084
2051.64903766771	-0.72497009819
2051.64903523564	-0.72497020818
2051.64903521206	-0.72497020803
2051.64903275641	-0.72497031787
2053.24162932362	-0.73538343337
2053.24162680878	-0.73538354484
2053.24162678452	-0.73538354468
2053.24162424541	-0.73538365598
2054.83421581810	-0.74584930196
2054.83421321825	-0.74584941480
2054.83421319329	-0.74584941463
2054.83421056849	-0.74584952730
2056.42679697750	-0.75636089476
2056.42679429039	-0.75636100885
2056.42679426472	-0.75636100868
2056.42679155195	-0.75636112260
2058.01937262362	-0.76691097482
2058.01936984698	-0.76691109004
2058.01936982060	-0.76691108986
2058.01936701757	-0.76691120491
2059.61194257369	-0.77749188396
2059.61193970524	-0.77749200017
2059.61193967812	-0.77749199999
2059.61193678255	-0.77749211602
2061.20450664032	-0.78809555248
2061.20450367777	-0.78809566953
2061.20450364991	-0.78809566935
2061.20450065949	-0.78809578621
2062.79706463153	-0.79871351212
2062.79706157258	-0.79871362985
2062.79706154396	-0.79871362966
2062.79705845640	-0.79871374720
2064.38961635071	-0.80933691246
2064.38961319308	-0.80933703070
2064.38961316369	-0.80933703050
2064.38960997667	-0.80933714854
2065.98216159665	-0.81995654093
2065.98215833804	-0.81995665949
2065.98215830788	-0.81995665929
2065.98215501911	-0.81995677765
2067.57470016355	-0.83056284636
2067.57469680169	-0.83056296505
2067.57469677074	-0.83056296484
2067.57469337792	-0.83056308333
2069.16723184104	-0.84114596624
2069.16722837365	-0.84114608485
2069.16722834191	-0.84114608464
2069.16722484278	-0.84114620304
2070.75975641422	-0.85169575762
2070.75975283906	-0.85169587594
2070.75975280651	-0.85169587573
2070.75974919881	-0.85169599383
2072.35227366368	-0.86220183161
2072.35226997853	-0.86220194941
2072.35226994518	-0.86220194919
2072.35226622668	-0.86220206678
2073.94478336562	-0.87265359134
2073.94477956829	-0.87265370840
2073.94477953412	-0.87265370818
2073.94477570263	-0.87265382501
2075.53728529184	-0.88304027337
2075.53728138017	-0.88304038944
2075.53728134519	-0.88304038921
2075.53727739854	-0.88304050505
2077.12977920987	-0.89335099206
2077.12977518175	-0.89335110689
2077.12977514594	-0.89335110666
2077.12977108202	-0.89335122126
2078.72226488305	-0.90357478698
2078.72226073640	-0.90357490032
2078.72226069977	-0.90357490009
2078.72225651649	-0.90357501320
2080.31474207059	-0.91370067276
2080.31473780339	-0.91370078436
2080.31473776594	-0.91370078412
2080.31473346129	-0.91370089548
2081.90721052773	-0.92371769115
2081.90720613803	-0.92371780074
2081.90720609975	-0.92371780050
2081.90720167176	-0.92371790986
2083.49967000585	-0.93361496487
2083.49966549173	-0.93361507220
2083.49966545263	-0.93361507195
2083.49966089941	-0.93361517904
2085.09212025257	-0.94338175269
2085.09211561221	-0.94338185749
2085.09211557228	-0.94338185725
2085.09211089199	-0.94338196181
2086.68456101192	-0.95300750537
2086.68455624354	-0.95300760739
2086.68455620280	-0.95300760715
2086.68455139368	-0.95300770892
2088.27699202447	-0.96248192179
2088.27698712639	-0.96248202077
2088.27698708484	-0.96248202052
2088.27698214520	-0.96248211926
2089.86941302751	-0.97179500476
2089.86940799812	-0.97179510045
2089.86940795575	-0.97179510021
2089.86940288399	-0.97179519565
2091.46182375518	-0.98093711599
2091.46181859294	-0.98093720815
2091.46181854978	-0.98093720790
2091.46181334438	-0.98093729981
2093.05422393867	-0.98989902946
2093.05421864216	-0.98989911785
2093.05421859820	-0.98989911761
2093.05421325772	-0.98989920575
2094.64661330641	-0.99867198281
2094.64660787426	-0.99867206720
2094.64660782952	-0.99867206695
2094.64660235262	-0.99867215110
2096.23899158420	-1.00724772594
2096.23898601515	-1.00724780612
2096.23898596964	-1.00724780588
2096.23898035508	-1.00724788581
2097.83135849547	-1.01561856653
2097.83135278836	-1.01561864229
2097.83135274209	-1.01561864205
2097.83134698871	-1.01561871758
2099.42371376140	-1.02377741167
2099.42370791516	-1.02377748284
2099.42370786815	-1.02377748260
2099.42370197489	-1.02377755352
2101.01605710119	-1.03171780538
2101.01605111484	-1.03171787177
2101.01605106710	-1.03171787153
2101.01604503300	-1.03171793768
2102.60838823219	-1.03943396138
2102.60838210486	-1.03943402283
2102.60838205639	-1.03943402260
2102.60837588060	-1.03943408382
2104.20070687014	-1.04692079091
2104.20070060104	-1.04692084729
2104.20070055188	-1.04692084706
2104.20069423362	-1.04692090322
2105.79301272933	-1.05417392518
2105.79300631779	-1.05417397638
2105.79300626794	-1.05417397615
2105.79299980655	-1.05417402712
2107.38530552285	-1.06118973232
2107.38529896827	-1.06118977821
2107.38529891776	-1.06118977799
2107.38529231268	-1.06118982367
2108.97758496272	-1.06796532850
2108.97757826462	-1.06796536902
2108.97757821346	-1.06796536880
2108.97757146420	-1.06796540911
2110.56985076012	-1.07449858347
2110.56984391810	-1.07449861854
2110.56984386631	-1.07449861833
2110.56983697251	-1.07449865320
2112.16210262557	-1.08078812012
2112.16209563932	-1.08078814971
2112.16209558692	-1.08078814951
2112.16208854828	-1.08078817889
2113.75434026909	-1.08683330853
2113.75433313839	-1.08683333261
2113.75433308540	-1.08683333241
2113.75432590172	-1.08683335629
2115.34656340039	-1.09263425435
2115.34655612510	-1.09263427290
2115.34655607155	-1.09263427271
2115.34654874270	-1.09263429108
2116.93877172903	-1.09819178196
2116.93876430909	-1.09819179501
2116.93876425499	-1.09819179483
2116.93875678095	-1.09819180770
2118.53096496458	-1.10350741265
2118.53095740001	-1.10350742023
2118.53095734539	-1.10350742005
2118.53094972619	-1.10350742745
2120.12314281676	-1.10858333808
2120.12313510765	-1.10858334023
2120.12313505253	-1.10858334006
2120.12312728829	-1.10858334205
2121.71530499560	-1.11342238954
2121.71529714211	-1.11342238634
2121.71529708651	-1.11342238617
2121.71528917741	-1.11342238281
2123.30745121155	-1.11802800346
2123.30744321391	-1.11802799498
2123.30744315784	-1.11802799482
2123.30743510413	-1.11802798618
2124.89958117562	-1.12240418350
2124.89957303410	-1.12240416984
2124.89957297760	-1.12240416969
2124.89956477957	-1.12240415587
2126.49169459948	-1.12655545996
2126.49168631442	-1.12655544122
2126.49168625750	-1.12655544108
2126.49167791552	-1.12655542220
2128.08379119556	-1.13048684679
2128.08378276735	-1.13048682311
2128.08378271003	-1.13048682297
2128.08377422450	-1.13048679915
2129.67587067717	-1.13420379692
2129.67586210623	-1.13420376842
2129.67586204853	-1.13420376829
2129.67585341990	-1.13420373966
2131.26793275852	-1.13771215628
2131.26792404532	-1.13771212310
2131.26792398727	-1.13771212298
2131.26791521602	-1.13771208968
2132.85997715487	-1.14101811710
2132.85996829991	-1.14101807940
2132.85996824152	-1.14101807928
2132.85995932816	-1.14101804147
2134.45200358252	-1.14412817100
2134.45199458632	-1.14412812893
2134.45199452761	-1.14412812882
2134.45198547271	-1.14412808664
2136.04401175891	-1.14704906221
2136.04400262203	-1.14704901595
2136.04400256302	-1.14704901584
2136.04399336713	-1.14704896947
2137.63600140263	-1.14978774156
2137.63599212563	-1.14978769126
2137.63599206634	-1.14978769116
2137.63598273006	-1.14978764076
2139.22797223348	-1.15235132135
2139.22796281695	-1.15235126719
2139.22796275740	-1.15235126710
2139.22795328132	-1.15235121284
2140.81992397246	-1.15474703182
2140.81991441700	-1.15474697397
2140.81991435720	-1.15474697388
2140.81990474195	-1.15474691595
2142.41185634183	-1.15698217915
2142.41184664805	-1.15698211780
2142.41184658802	-1.15698211772
2142.41183683420	-1.15698205628
2144.00376906509	-1.15906410565
2144.00375923358	-1.15906404095
2144.00375917334	-1.15906404088
2144.00374928158	-1.15906397611
2145.59566186697	-1.16100015198
2145.59565189835	-1.16100008413
2145.59565183790	-1.16100008406
2145.59564180882	-1.16100001613
2147.18753447345	-1.16279762199
2147.18752436831	-1.16279755115
2147.18752430767	-1.16279755108
2147.18751414190	-1.16279748018
2148.77938661173	-1.16446374998
2148.77937637067	-1.16446367632
2148.77937630986	-1.16446367626
2148.77936600799	-1.16446360255
2150.37121801023	-1.16600567073
2150.37120763383	-1.16600559443
2150.37120757286	-1.16600559437
2150.37119713549	-1.16600551802
2151.96302839855	-1.16743039224
2151.96301788738	-1.16743031346
2151.96301782627	-1.16743031340
2151.96300725399	-1.16743023456
2153.55481750744	-1.16874477124
2153.55480686207	-1.16874469013
2153.55480680081	-1.16874469008
2153.55479609419	-1.16874460892
2155.14658506878	-1.16995549151
2155.14657428975	-1.16995540822
2155.14657422837	-1.16995540818
2155.14656338796	-1.16995532485
2156.73833081556	-1.17106904494
2156.73831990339	-1.17106895963
2156.73831984190	-1.17106895959
2156.73830886824	-1.17106887424
2158.33005448180	-1.17209171529
2158.33004343701	-1.17209162810
2158.33004337541	-1.17209162806
2158.33003226901	-1.17209154083
2159.92175580256	-1.17302956457
2159.92174462562	-1.17302947563
2159.92174456392	-1.17302947560
2159.92173332529	-1.17302938663
2161.51343451384	-1.17388842190
2161.51342320523	-1.17388833136
2161.51342314344	-1.17388833133
2161.51341177305	-1.17388824075
2163.10509035260	-1.17467387487
2163.10507891276	-1.17467378284
2163.10507885089	-1.17467378281
2163.10506734919	-1.17467369075
2164.69672305666	-1.17539126303
2164.69671148602	-1.17539116962
2164.69671142408	-1.17539116960
2164.69669979149	-1.17539107616
2166.28833236470	-1.17604567361
2166.28832066366	-1.17604557895
2166.28832060165	-1.17604557892
2166.28830883859	-1.17604548424
2167.87991801619	-1.17664193923
2167.87990618512	-1.17664184341
2167.87990612305	-1.17664184339
2167.87989422991	-1.17664174755
2169.47147975132	-1.17718463733
2169.47146779059	-1.17718454047
2169.47146772846	-1.17718454045
2169.47145570560	-1.17718444356
2171.06301731104	-1.17767809140
2171.06300522098	-1.17767799358
2171.06300515879	-1.17767799356
2171.06299300655	-1.17767789571
2172.65453043690	-1.17812637360
2172.65451821782	-1.17812627490
2172.65451815559	-1.17812627489
2172.65450587429	-1.17812617617
2174.24601887110	-1.17853330880
2174.24600652330	-1.17853320931
2174.24600646103	-1.17853320929
2174.24599405096	-1.17853310978
2175.83748235641	-1.17890247977
2175.83746988016	-1.17890237956
2175.83746981785	-1.17890237955
2175.83745727929	-1.17890227933
2177.42892063613	-1.17923723346
2177.42890803168	-1.17923713261
2177.42890796933	-1.17923713259
2177.42889530254	-1.17923703172
2179.02033345404	-1.17954068810
2179.02032072163	-1.17954058666
2179.02032065925	-1.17954058665
2179.02030786447	-1.17954048520
2180.61172055440	-1.17981574111
2180.61170769424	-1.17981563915
2180.61170763183	-1.17981563914
2180.61169470927	-1.17981553717
2182.20308168186	-1.18006507760
2182.20306869415	-1.18006497517
2182.20306863172	-1.18006497516
2182.20305558158	-1.18006487273
2183.79441658148	-1.18029117933
2183.79440346640	-1.18029107649
2183.79440340395	-1.18029107648
2183.79439022642	-1.18029097363
2185.38572499865	-1.18049633412
2185.38571175636	-1.18049623091
2185.38571169389	-1.18049623090
2185.38569838914	-1.18049612768
2186.97700667909	-1.18068264544
2186.97699330975	-1.18068254189
2186.97699324726	-1.18068254188
2186.97697981543	-1.18068243833
2188.56826136880	-1.18085204216
2188.56824787254	-1.18085193833
2188.56824781004	-1.18085193832
2188.56823425127	-1.18085183448
2190.15948881405	-1.18100628847
2190.15947519100	-1.18100618438
2190.15947512848	-1.18100618438
2190.15946144290	-1.18100608028
2191.75068876135	-1.18114699364
2191.75067501162	-1.18114688933
2191.75067494908	-1.18114688932
2191.75066113681	-1.18114678500
2193.34186095741	-1.18127562179
2193.34184708109	-1.18127551727
2193.34184701854	-1.18127551727
2193.34183307967	-1.18127541275
2194.93300514914	-1.18139350143
2194.93299114632	-1.18139339675
2194.93299108376	-1.18139339674
2194.93297701839	-1.18139329205
2196.52412108361	-1.18150183490
2196.52410695437	-1.18150173006
2196.52410689180	-1.18150173006
2196.52409270000	-1.18150162522
2198.11520850804	-1.18160170737
2198.11519425246	-1.18160160241
2198.11519418988	-1.18160160241
2198.11517987172	-1.18160149744
2199.70626716980	-1.18169409574
2199.70625278793	-1.18169399067
2199.70625272534	-1.18169399066
2199.70623828089	-1.18169388559
