-1200	1.24E-07
-1199.5	1.24E-07
-1199	1.24E-07
-1198.5	1.24E-07
-1198	1.24E-07
-1197.5	1.24E-07
-1197	1.24E-07
-1196.5	1.24E-07
-1196	1.24E-07
-1195.5	1.24E-07
-1195	1.24E-07
-1194.5	1.24E-07
-1194	1.24E-07
-1193.5	1.24E-07
-1193	1.24E-07
-1192.5	1.24E-07
-1192	1.24E-07
-1191.5	1.24E-07
-1191	1.24E-07
-1190.5	1.24E-07
-1190	1.24E-07
-1189.5	1.24E-07
-1189	1.24E-07
-1188.5	1.24E-07
-1188	1.24E-07
-1187.5	1.24E-07
-1187	1.24E-07
-1186.5	1.24E-07
-1186	1.24E-07
-1185.5	1.24E-07
-1185	1.24E-07
-1184.5	1.24E-07
-1184	1.24E-07
-1183.5	1.24E-07
-1183	1.24E-07
-1182.5	1.24E-07
-1182	1.24E-07
-1181.5	1.24E-07
-1181	1.24E-07
-1180.5	1.24E-07
-1180	1.24E-07
-1179.5	1.24E-07
-1179	1.24E-07
-1178.5	1.24E-07
-1178	1.24E-07
-1177.5	1.24E-07
-1177	1.24E-07
-1176.5	1.24E-07
-1176	1.24E-07
-1175.5	1.24E-07
-1175	1.24E-07
-1174.5	1.24E-07
-1174	1.24E-07
-1173.5	1.24E-07
-1173	1.24E-07
-1172.5	1.24E-07
-1172	1.24E-07
-1171.5	1.24E-07
-1171	1.24E-07
-1170.5	1.24E-07
-1170	1.24E-07
-1169.5	1.24E-07
-1169	1.24E-07
-1168.5	1.24E-07
-1168	1.24E-07
-1167.5	1.24E-07
-1167	1.24E-07
-1166.5	1.24E-07
-1166	1.24E-07
-1165.5	1.24E-07
-1165	1.24E-07
-1164.5	1.24E-07
-1164	1.24E-07
-1163.5	1.24E-07
-1163	1.24E-07
-1162.5	1.24E-07
-1162	1.24E-07
-1161.5	1.24E-07
-1161	1.24E-07
-1160.5	1.24E-07
-1160	1.24E-07
-1159.5	1.24E-07
-1159	1.24E-07
-1158.5	1.24E-07
-1158	1.24E-07
-1157.5	1.24E-07
-1157	1.24E-07
-1156.5	1.24E-07
-1156	1.24E-07
-1155.5	1.24E-07
-1155	1.24E-07
-1154.5	1.24E-07
-1154	1.24E-07
-1153.5	1.24E-07
-1153	1.24E-07
-1152.5	1.24E-07
-1152	1.24E-07
-1151.5	1.24E-07
-1151	1.24E-07
-1150.5	1.24E-07
-1150	1.24E-07
-1149.5	1.24E-07
-1149	1.24E-07
-1148.5	1.24E-07
-1148	1.24E-07
-1147.5	1.24E-07
-1147	1.24E-07
-1146.5	1.24E-07
-1146	1.24E-07
-1145.5	1.24E-07
-1145	1.24E-07
-1144.5	1.24E-07
-1144	1.24E-07
-1143.5	1.24E-07
-1143	1.24E-07
-1142.5	1.24E-07
-1142	1.24E-07
-1141.5	1.24E-07
-1141	1.24E-07
-1140.5	1.24E-07
-1140	1.24E-07
-1139.5	1.24E-07
-1139	1.24E-07
-1138.5	1.24E-07
-1138	1.24E-07
-1137.5	1.23E-07
-1137	1.23E-07
-1136.5	1.23E-07
-1136	1.23E-07
-1135.5	1.23E-07
-1135	1.23E-07
-1134.5	1.23E-07
-1134	1.23E-07
-1133.5	1.23E-07
-1133	1.23E-07
-1132.5	1.23E-07
-1132	1.23E-07
-1131.5	1.23E-07
-1131	1.23E-07
-1130.5	1.23E-07
-1130	1.23E-07
-1129.5	1.23E-07
-1129	1.23E-07
-1128.5	1.23E-07
-1128	1.23E-07
-1127.5	1.23E-07
-1127	1.23E-07
-1126.5	1.23E-07
-1126	1.23E-07
-1125.5	1.23E-07
-1125	1.23E-07
-1124.5	1.23E-07
-1124	1.23E-07
-1123.5	1.23E-07
-1123	1.23E-07
-1122.5	1.23E-07
-1122	1.23E-07
-1121.5	1.23E-07
-1121	1.23E-07
-1120.5	1.23E-07
-1120	1.23E-07
-1119.5	1.23E-07
-1119	1.23E-07
-1118.5	1.23E-07
-1118	1.23E-07
-1117.5	1.23E-07
-1117	1.23E-07
-1116.5	1.23E-07
-1116	1.23E-07
-1115.5	1.23E-07
-1115	1.23E-07
-1114.5	1.23E-07
-1114	1.23E-07
-1113.5	1.23E-07
-1113	1.23E-07
-1112.5	1.23E-07
-1112	1.23E-07
-1111.5	1.23E-07
-1111	1.23E-07
-1110.5	1.23E-07
-1110	1.23E-07
-1109.5	1.23E-07
-1109	1.23E-07
-1108.5	1.23E-07
-1108	1.23E-07
-1107.5	1.23E-07
-1107	1.23E-07
-1106.5	1.22E-07
-1106	1.22E-07
-1105.5	1.22E-07
-1105	1.22E-07
-1104.5	1.22E-07
-1104	1.22E-07
-1103.5	1.22E-07
-1103	1.22E-07
-1102.5	1.22E-07
-1102	1.22E-07
-1101.5	1.22E-07
-1101	1.22E-07
-1100.5	1.22E-07
-1100	1.22E-07
-1099.5	1.22E-07
-1099	1.22E-07
-1098.5	1.22E-07
-1098	1.22E-07
-1097.5	1.22E-07
-1097	1.22E-07
-1096.5	1.22E-07
-1096	1.22E-07
-1095.5	1.22E-07
-1095	1.22E-07
-1094.5	1.22E-07
-1094	1.22E-07
-1093.5	1.22E-07
-1093	1.22E-07
-1092.5	1.22E-07
-1092	1.22E-07
-1091.5	1.22E-07
-1091	1.22E-07
-1090.5	1.22E-07
-1090	1.22E-07
-1089.5	1.22E-07
-1089	1.22E-07
-1088.5	1.22E-07
-1088	1.22E-07
-1087.5	1.22E-07
-1087	1.22E-07
-1086.5	1.22E-07
-1086	1.22E-07
-1085.5	1.22E-07
-1085	1.22E-07
-1084.5	1.21E-07
-1084	1.21E-07
-1083.5	1.21E-07
-1083	1.21E-07
-1082.5	1.21E-07
-1082	1.21E-07
-1081.5	1.21E-07
-1081	1.21E-07
-1080.5	1.21E-07
-1080	1.21E-07
-1079.5	1.21E-07
-1079	1.21E-07
-1078.5	1.21E-07
-1078	1.21E-07
-1077.5	1.21E-07
-1077	1.21E-07
-1076.5	1.21E-07
-1076	1.21E-07
-1075.5	1.21E-07
-1075	1.21E-07
-1074.5	1.21E-07
-1074	1.21E-07
-1073.5	1.21E-07
-1073	1.21E-07
-1072.5	1.21E-07
-1072	1.21E-07
-1071.5	1.21E-07
-1071	1.21E-07
-1070.5	1.21E-07
-1070	1.21E-07
-1069.5	1.21E-07
-1069	1.21E-07
-1068.5	1.21E-07
-1068	1.21E-07
-1067.5	1.21E-07
-1067	1.21E-07
-1066.5	1.21E-07
-1066	1.21E-07
-1065.5	1.20E-07
-1065	1.20E-07
-1064.5	1.20E-07
-1064	1.20E-07
-1063.5	1.20E-07
-1063	1.20E-07
-1062.5	1.20E-07
-1062	1.20E-07
-1061.5	1.20E-07
-1061	1.20E-07
-1060.5	1.20E-07
-1060	1.20E-07
-1059.5	1.20E-07
-1059	1.20E-07
-1058.5	1.20E-07
-1058	1.20E-07
-1057.5	1.20E-07
-1057	1.20E-07
-1056.5	1.20E-07
-1056	1.20E-07
-1055.5	1.20E-07
-1055	1.20E-07
-1054.5	1.20E-07
-1054	1.20E-07
-1053.5	1.20E-07
-1053	1.20E-07
-1052.5	1.20E-07
-1052	1.20E-07
-1051.5	1.20E-07
-1051	1.20E-07
-1050.5	1.20E-07
-1050	1.20E-07
-1049.5	1.20E-07
-1049	1.19E-07
-1048.5	1.19E-07
-1048	1.19E-07
-1047.5	1.19E-07
-1047	1.19E-07
-1046.5	1.19E-07
-1046	1.19E-07
-1045.5	1.19E-07
-1045	1.19E-07
-1044.5	1.19E-07
-1044	1.19E-07
-1043.5	1.19E-07
-1043	1.19E-07
-1042.5	1.19E-07
-1042	1.19E-07
-1041.5	1.19E-07
-1041	1.19E-07
-1040.5	1.19E-07
-1040	1.19E-07
-1039.5	1.19E-07
-1039	1.19E-07
-1038.5	1.19E-07
-1038	1.19E-07
-1037.5	1.19E-07
-1037	1.19E-07
-1036.5	1.19E-07
-1036	1.19E-07
-1035.5	1.19E-07
-1035	1.19E-07
-1034.5	1.19E-07
-1034	1.19E-07
-1033.5	1.18E-07
-1033	1.18E-07
-1032.5	1.18E-07
-1032	1.18E-07
-1031.5	1.18E-07
-1031	1.18E-07
-1030.5	1.18E-07
-1030	1.18E-07
-1029.5	1.18E-07
-1029	1.18E-07
-1028.5	1.18E-07
-1028	1.18E-07
-1027.5	1.18E-07
-1027	1.18E-07
-1026.5	1.18E-07
-1026	1.18E-07
-1025.5	1.18E-07
-1025	1.18E-07
-1024.5	1.18E-07
-1024	1.18E-07
-1023.5	1.18E-07
-1023	1.18E-07
-1022.5	1.18E-07
-1022	1.18E-07
-1021.5	1.18E-07
-1021	1.18E-07
-1020.5	1.18E-07
-1020	1.18E-07
-1019.5	1.18E-07
-1019	1.17E-07
-1018.5	1.17E-07
-1018	1.17E-07
-1017.5	1.17E-07
-1017	1.17E-07
-1016.5	1.17E-07
-1016	1.17E-07
-1015.5	1.17E-07
-1015	1.17E-07
-1014.5	1.17E-07
-1014	1.17E-07
-1013.5	1.17E-07
-1013	1.17E-07
-1012.5	1.17E-07
-1012	1.17E-07
-1011.5	1.17E-07
-1011	1.17E-07
-1010.5	1.17E-07
-1010	1.17E-07
-1009.5	1.17E-07
-1009	1.17E-07
-1008.5	1.17E-07
-1008	1.17E-07
-1007.5	1.17E-07
-1007	1.17E-07
-1006.5	1.17E-07
-1006	1.17E-07
-1005.5	1.17E-07
-1005	1.17E-07
-1004.5	1.16E-07
-1004	1.16E-07
-1003.5	1.16E-07
-1003	1.16E-07
-1002.5	1.16E-07
-1002	1.16E-07
-1001.5	1.16E-07
-1001	1.16E-07
-1000.5	1.16E-07
-1000	1.16E-07
-999.5	1.16E-07
-999	1.16E-07
-998.5	1.16E-07
-998	1.16E-07
-997.5	1.16E-07
-997	1.16E-07
-996.5	1.16E-07
-996	1.16E-07
-995.5	1.16E-07
-995	1.16E-07
-994.5	1.16E-07
-994	1.16E-07
-993.5	1.16E-07
-993	1.16E-07
-992.5	1.16E-07
-992	1.16E-07
-991.5	1.16E-07
-991	1.16E-07
-990.5	1.16E-07
-990	1.15E-07
-989.5	1.15E-07
-989	1.15E-07
-988.5	1.15E-07
-988	1.15E-07
-987.5	1.15E-07
-987	1.15E-07
-986.5	1.15E-07
-986	1.15E-07
-985.5	1.15E-07
-985	1.15E-07
-984.5	1.15E-07
-984	1.15E-07
-983.5	1.15E-07
-983	1.15E-07
-982.5	1.15E-07
-982	1.15E-07
-981.5	1.15E-07
-981	1.15E-07
-980.5	1.15E-07
-980	1.15E-07
-979.5	1.15E-07
-979	1.15E-07
-978.5	1.15E-07
-978	1.15E-07
-977.5	1.15E-07
-977	1.15E-07
-976.5	1.15E-07
-976	1.15E-07
-975.5	1.15E-07
-975	1.15E-07
-974.5	1.14E-07
-974	1.14E-07
-973.5	1.14E-07
-973	1.14E-07
-972.5	1.14E-07
-972	1.14E-07
-971.5	1.14E-07
-971	1.14E-07
-970.5	1.14E-07
-970	1.14E-07
-969.5	1.14E-07
-969	1.14E-07
-968.5	1.14E-07
-968	1.14E-07
-967.5	1.14E-07
-967	1.14E-07
-966.5	1.14E-07
-966	1.14E-07
-965.5	1.14E-07
-965	1.14E-07
-964.5	1.14E-07
-964	1.14E-07
-963.5	1.14E-07
-963	1.14E-07
-962.5	1.14E-07
-962	1.14E-07
-961.5	1.14E-07
-961	1.14E-07
-960.5	1.14E-07
-960	1.14E-07
-959.5	1.14E-07
-959	1.14E-07
-958.5	1.14E-07
-958	1.14E-07
-957.5	1.14E-07
-957	1.13E-07
-956.5	1.13E-07
-956	1.13E-07
-955.5	1.13E-07
-955	1.13E-07
-954.5	1.13E-07
-954	1.13E-07
-953.5	1.13E-07
-953	1.13E-07
-952.5	1.13E-07
-952	1.13E-07
-951.5	1.13E-07
-951	1.13E-07
-950.5	1.13E-07
-950	1.13E-07
-949.5	1.13E-07
-949	1.13E-07
-948.5	1.13E-07
-948	1.13E-07
-947.5	1.13E-07
-947	1.13E-07
-946.5	1.13E-07
-946	1.13E-07
-945.5	1.13E-07
-945	1.13E-07
-944.5	1.13E-07
-944	1.13E-07
-943.5	1.13E-07
-943	1.13E-07
-942.5	1.13E-07
-942	1.13E-07
-941.5	1.13E-07
-941	1.13E-07
-940.5	1.13E-07
-940	1.13E-07
-939.5	1.13E-07
-939	1.13E-07
-938.5	1.13E-07
-938	1.13E-07
-937.5	1.13E-07
-937	1.13E-07
-936.5	1.13E-07
-936	1.13E-07
-935.5	1.13E-07
-935	1.13E-07
-934.5	1.13E-07
-934	1.13E-07
-933.5	1.13E-07
-933	1.13E-07
-932.5	1.13E-07
-932	1.13E-07
-931.5	1.13E-07
-931	1.13E-07
-930.5	1.13E-07
-930	1.13E-07
-929.5	1.13E-07
-929	1.13E-07
-928.5	1.13E-07
-928	1.13E-07
-927.5	1.13E-07
-927	1.13E-07
-926.5	1.13E-07
-926	1.13E-07
-925.5	1.13E-07
-925	1.13E-07
-924.5	1.13E-07
-924	1.13E-07
-923.5	1.13E-07
-923	1.13E-07
-922.5	1.13E-07
-922	1.13E-07
-921.5	1.13E-07
-921	1.13E-07
-920.5	1.13E-07
-920	1.13E-07
-919.5	1.13E-07
-919	1.13E-07
-918.5	1.13E-07
-918	1.13E-07
-917.5	1.13E-07
-917	1.13E-07
-916.5	1.13E-07
-916	1.13E-07
-915.5	1.13E-07
-915	1.13E-07
-914.5	1.13E-07
-914	1.13E-07
-913.5	1.13E-07
-913	1.13E-07
-912.5	1.13E-07
-912	1.13E-07
-911.5	1.13E-07
-911	1.13E-07
-910.5	1.13E-07
-910	1.13E-07
-909.5	1.13E-07
-909	1.13E-07
-908.5	1.13E-07
-908	1.13E-07
-907.5	1.13E-07
-907	1.13E-07
-906.5	1.13E-07
-906	1.13E-07
-905.5	1.13E-07
-905	1.13E-07
-904.5	1.13E-07
-904	1.13E-07
-903.5	1.13E-07
-903	1.13E-07
-902.5	1.13E-07
-902	1.13E-07
-901.5	1.13E-07
-901	1.13E-07
-900.5	1.13E-07
-900	1.13E-07
-899.5	1.13E-07
-899	1.13E-07
-898.5	1.13E-07
-898	1.13E-07
-897.5	1.14E-07
-897	1.14E-07
-896.5	1.14E-07
-896	1.14E-07
-895.5	1.14E-07
-895	1.14E-07
-894.5	1.14E-07
-894	1.14E-07
-893.5	1.14E-07
-893	1.14E-07
-892.5	1.14E-07
-892	1.14E-07
-891.5	1.14E-07
-891	1.14E-07
-890.5	1.14E-07
-890	1.14E-07
-889.5	1.14E-07
-889	1.14E-07
-888.5	1.14E-07
-888	1.14E-07
-887.5	1.14E-07
-887	1.15E-07
-886.5	1.15E-07
-886	1.15E-07
-885.5	1.15E-07
-885	1.15E-07
-884.5	1.15E-07
-884	1.15E-07
-883.5	1.15E-07
-883	1.15E-07
-882.5	1.15E-07
-882	1.15E-07
-881.5	1.15E-07
-881	1.15E-07
-880.5	1.15E-07
-880	1.16E-07
-879.5	1.16E-07
-879	1.16E-07
-878.5	1.16E-07
-878	1.16E-07
-877.5	1.16E-07
-877	1.16E-07
-876.5	1.16E-07
-876	1.16E-07
-875.5	1.16E-07
-875	1.16E-07
-874.5	1.16E-07
-874	1.17E-07
-873.5	1.17E-07
-873	1.17E-07
-872.5	1.17E-07
-872	1.17E-07
-871.5	1.17E-07
-871	1.17E-07
-870.5	1.17E-07
-870	1.17E-07
-869.5	1.17E-07
-869	1.17E-07
-868.5	1.18E-07
-868	1.18E-07
-867.5	1.18E-07
-867	1.18E-07
-866.5	1.18E-07
-866	1.18E-07
-865.5	1.18E-07
-865	1.18E-07
-864.5	1.19E-07
-864	1.19E-07
-863.5	1.19E-07
-863	1.19E-07
-862.5	1.19E-07
-862	1.19E-07
-861.5	1.19E-07
-861	1.19E-07
-860.5	1.20E-07
-860	1.20E-07
-859.5	1.20E-07
-859	1.20E-07
-858.5	1.20E-07
-858	1.20E-07
-857.5	1.20E-07
-857	1.21E-07
-856.5	1.21E-07
-856	1.21E-07
-855.5	1.21E-07
-855	1.21E-07
-854.5	1.21E-07
-854	1.21E-07
-853.5	1.22E-07
-853	1.22E-07
-852.5	1.22E-07
-852	1.22E-07
-851.5	1.22E-07
-851	1.22E-07
-850.5	1.23E-07
-850	1.23E-07
-849.5	1.23E-07
-849	1.23E-07
-848.5	1.23E-07
-848	1.23E-07
-847.5	1.24E-07
-847	1.24E-07
-846.5	1.24E-07
-846	1.24E-07
-845.5	1.24E-07
-845	1.25E-07
-844.5	1.25E-07
-844	1.25E-07
-843.5	1.25E-07
-843	1.25E-07
-842.5	1.26E-07
-842	1.26E-07
-841.5	1.26E-07
-841	1.26E-07
-840.5	1.26E-07
-840	1.27E-07
-839.5	1.27E-07
-839	1.27E-07
-838.5	1.27E-07
-838	1.28E-07
-837.5	1.28E-07
-837	1.28E-07
-836.5	1.28E-07
-836	1.29E-07
-835.5	1.29E-07
-835	1.29E-07
-834.5	1.29E-07
-834	1.30E-07
-833.5	1.30E-07
-833	1.30E-07
-832.5	1.30E-07
-832	1.31E-07
-831.5	1.31E-07
-831	1.31E-07
-830.5	1.31E-07
-830	1.32E-07
-829.5	1.32E-07
-829	1.32E-07
-828.5	1.33E-07
-828	1.33E-07
-827.5	1.33E-07
-827	1.33E-07
-826.5	1.34E-07
-826	1.34E-07
-825.5	1.34E-07
-825	1.35E-07
-824.5	1.35E-07
-824	1.35E-07
-823.5	1.36E-07
-823	1.36E-07
-822.5	1.36E-07
-822	1.37E-07
-821.5	1.37E-07
-821	1.37E-07
-820.5	1.37E-07
-820	1.38E-07
-819.5	1.38E-07
-819	1.39E-07
-818.5	1.39E-07
-818	1.39E-07
-817.5	1.40E-07
-817	1.40E-07
-816.5	1.40E-07
-816	1.41E-07
-815.5	1.41E-07
-815	1.41E-07
-814.5	1.42E-07
-814	1.42E-07
-813.5	1.43E-07
-813	1.43E-07
-812.5	1.43E-07
-812	1.44E-07
-811.5	1.44E-07
-811	1.45E-07
-810.5	1.45E-07
-810	1.45E-07
-809.5	1.46E-07
-809	1.46E-07
-808.5	1.47E-07
-808	1.47E-07
-807.5	1.48E-07
-807	1.48E-07
-806.5	1.48E-07
-806	1.49E-07
-805.5	1.49E-07
-805	1.50E-07
-804.5	1.50E-07
-804	1.51E-07
-803.5	1.51E-07
-803	1.52E-07
-802.5	1.52E-07
-802	1.53E-07
-801.5	1.53E-07
-801	1.54E-07
-800.5	1.54E-07
-800	1.55E-07
-799.5	1.55E-07
-799	1.56E-07
-798.5	1.56E-07
-798	1.57E-07
-797.5	1.57E-07
-797	1.58E-07
-796.5	1.58E-07
-796	1.59E-07
-795.5	1.59E-07
-795	1.60E-07
-794.5	1.61E-07
-794	1.61E-07
-793.5	1.62E-07
-793	1.62E-07
-792.5	1.63E-07
-792	1.63E-07
-791.5	1.64E-07
-791	1.65E-07
-790.5	1.65E-07
-790	1.66E-07
-789.5	1.66E-07
-789	1.67E-07
-788.5	1.68E-07
-788	1.68E-07
-787.5	1.69E-07
-787	1.70E-07
-786.5	1.70E-07
-786	1.71E-07
-785.5	1.72E-07
-785	1.72E-07
-784.5	1.73E-07
-784	1.74E-07
-783.5	1.75E-07
-783	1.75E-07
-782.5	1.76E-07
-782	1.77E-07
-781.5	1.77E-07
-781	1.78E-07
-780.5	1.79E-07
-780	1.80E-07
-779.5	1.80E-07
-779	1.81E-07
-778.5	1.82E-07
-778	1.83E-07
-777.5	1.83E-07
-777	1.84E-07
-776.5	1.85E-07
-776	1.86E-07
-775.5	1.87E-07
-775	1.87E-07
-774.5	1.88E-07
-774	1.89E-07
-773.5	1.90E-07
-773	1.91E-07
-772.5	1.92E-07
-772	1.93E-07
-771.5	1.93E-07
-771	1.94E-07
-770.5	1.95E-07
-770	1.96E-07
-769.5	1.97E-07
-769	1.98E-07
-768.5	1.99E-07
-768	2.00E-07
-767.5	2.01E-07
-767	2.02E-07
-766.5	2.03E-07
-766	2.04E-07
-765.5	2.05E-07
-765	2.06E-07
-764.5	2.07E-07
-764	2.08E-07
-763.5	2.09E-07
-763	2.10E-07
-762.5	2.11E-07
-762	2.12E-07
-761.5	2.13E-07
-761	2.14E-07
-760.5	2.15E-07
-760	2.16E-07
-759.5	2.17E-07
-759	2.18E-07
-758.5	2.20E-07
-758	2.21E-07
-757.5	2.22E-07
-757	2.23E-07
-756.5	2.24E-07
-756	2.25E-07
-755.5	2.27E-07
-755	2.28E-07
-754.5	2.29E-07
-754	2.30E-07
-753.5	2.31E-07
-753	2.33E-07
-752.5	2.34E-07
-752	2.35E-07
-751.5	2.37E-07
-751	2.38E-07
-750.5	2.39E-07
-750	2.40E-07
-749.5	2.42E-07
-749	2.43E-07
-748.5	2.45E-07
-748	2.46E-07
-747.5	2.47E-07
-747	2.49E-07
-746.5	2.50E-07
-746	2.52E-07
-745.5	2.53E-07
-745	2.54E-07
-744.5	2.56E-07
-744	2.57E-07
-743.5	2.59E-07
-743	2.60E-07
-742.5	2.62E-07
-742	2.64E-07
-741.5	2.65E-07
-741	2.67E-07
-740.5	2.68E-07
-740	2.70E-07
-739.5	2.71E-07
-739	2.73E-07
-738.5	2.75E-07
-738	2.76E-07
-737.5	2.78E-07
-737	2.80E-07
-736.5	2.82E-07
-736	2.83E-07
-735.5	2.85E-07
-735	2.87E-07
-734.5	2.89E-07
-734	2.90E-07
-733.5	2.92E-07
-733	2.94E-07
-732.5	2.96E-07
-732	2.98E-07
-731.5	3.00E-07
-731	3.02E-07
-730.5	3.03E-07
-730	3.05E-07
-729.5	3.07E-07
-729	3.09E-07
-728.5	3.11E-07
-728	3.13E-07
-727.5	3.16E-07
-727	3.18E-07
-726.5	3.20E-07
-726	3.22E-07
-725.5	3.24E-07
-725	3.26E-07
-724.5	3.28E-07
-724	3.30E-07
-723.5	3.33E-07
-723	3.35E-07
-722.5	3.37E-07
-722	3.39E-07
-721.5	3.42E-07
-721	3.44E-07
-720.5	3.46E-07
-720	3.48E-07
-719.5	3.51E-07
-719	3.53E-07
-718.5	3.56E-07
-718	3.58E-07
-717.5	3.61E-07
-717	3.63E-07
-716.5	3.66E-07
-716	3.68E-07
-715.5	3.71E-07
-715	3.73E-07
-714.5	3.76E-07
-714	3.79E-07
-713.5	3.81E-07
-713	3.84E-07
-712.5	3.87E-07
-712	3.90E-07
-711.5	3.92E-07
-711	3.95E-07
-710.5	3.98E-07
-710	4.00E-07
-709.5	4.04E-07
-709	4.07E-07
-708.5	4.10E-07
-708	4.13E-07
-707.5	4.16E-07
-707	4.19E-07
-706.5	4.22E-07
-706	4.25E-07
-705.5	4.28E-07
-705	4.31E-07
-704.5	4.34E-07
-704	4.37E-07
-703.5	4.41E-07
-703	4.44E-07
-702.5	4.47E-07
-702	4.51E-07
-701.5	4.54E-07
-701	4.57E-07
-700.5	4.61E-07
-700	4.64E-07
-699.5	4.68E-07
-699	4.71E-07
-698.5	4.75E-07
-698	4.79E-07
-697.5	4.82E-07
-697	4.86E-07
-696.5	4.90E-07
-696	4.93E-07
-695.5	4.97E-07
-695	5.01E-07
-694.5	5.05E-07
-694	5.09E-07
-693.5	5.13E-07
-693	5.17E-07
-692.5	5.21E-07
-692	5.25E-07
-691.5	5.29E-07
-691	5.33E-07
-690.5	5.37E-07
-690	5.41E-07
-689.5	5.45E-07
-689	5.50E-07
-688.5	5.54E-07
-688	5.59E-07
-687.5	5.63E-07
-687	5.68E-07
-686.5	5.72E-07
-686	5.77E-07
-685.5	5.81E-07
-685	5.86E-07
-684.5	5.90E-07
-684	5.95E-07
-683.5	6.00E-07
-683	6.05E-07
-682.5	6.10E-07
-682	6.15E-07
-681.5	6.20E-07
-681	6.25E-07
-680.5	6.30E-07
-680	6.35E-07
-679.5	6.40E-07
-679	6.45E-07
-678.5	6.51E-07
-678	6.56E-07
-677.5	6.62E-07
-677	6.67E-07
-676.5	6.72E-07
-676	6.78E-07
-675.5	6.83E-07
-675	6.89E-07
-674.5	6.95E-07
-674	7.01E-07
-673.5	7.06E-07
-673	7.12E-07
-672.5	7.18E-07
-672	7.24E-07
-671.5	7.30E-07
-671	7.36E-07
-670.5	7.42E-07
-670	7.48E-07
-669.5	7.55E-07
-669	7.61E-07
-668.5	7.68E-07
-668	7.74E-07
-667.5	7.81E-07
-667	7.88E-07
-666.5	7.94E-07
-666	8.01E-07
-665.5	8.07E-07
-665	8.14E-07
-664.5	8.21E-07
-664	8.28E-07
-663.5	8.35E-07
-663	8.43E-07
-662.5	8.50E-07
-662	8.57E-07
-661.5	8.64E-07
-661	8.71E-07
-660.5	8.79E-07
-660	8.86E-07
-659.5	8.94E-07
-659	9.02E-07
-658.5	9.10E-07
-658	9.18E-07
-657.5	9.26E-07
-657	9.33E-07
-656.5	9.41E-07
-656	9.49E-07
-655.5	9.57E-07
-655	9.65E-07
-654.5	9.74E-07
-654	9.83E-07
-653.5	9.91E-07
-653	1.00E-06
-652.5	1.01E-06
-652	1.02E-06
-651.5	1.03E-06
-651	1.03E-06
-650.5	1.04E-06
-650	1.05E-06
-649.5	1.06E-06
-649	1.07E-06
-648.5	1.08E-06
-648	1.09E-06
-647.5	1.10E-06
-647	1.11E-06
-646.5	1.12E-06
-646	1.13E-06
-645.5	1.14E-06
-645	1.15E-06
-644.5	1.16E-06
-644	1.17E-06
-643.5	1.18E-06
-643	1.19E-06
-642.5	1.20E-06
-642	1.21E-06
-641.5	1.22E-06
-641	1.23E-06
-640.5	1.24E-06
-640	1.25E-06
-639.5	1.26E-06
-639	1.28E-06
-638.5	1.29E-06
-638	1.30E-06
-637.5	1.31E-06
-637	1.32E-06
-636.5	1.33E-06
-636	1.34E-06
-635.5	1.36E-06
-635	1.37E-06
-634.5	1.38E-06
-634	1.39E-06
-633.5	1.40E-06
-633	1.42E-06
-632.5	1.43E-06
-632	1.44E-06
-631.5	1.45E-06
-631	1.47E-06
-630.5	1.48E-06
-630	1.49E-06
-629.5	1.51E-06
-629	1.52E-06
-628.5	1.53E-06
-628	1.55E-06
-627.5	1.56E-06
-627	1.57E-06
-626.5	1.59E-06
-626	1.60E-06
-625.5	1.61E-06
-625	1.63E-06
-624.5	1.64E-06
-624	1.66E-06
-623.5	1.67E-06
-623	1.69E-06
-622.5	1.70E-06
-622	1.72E-06
-621.5	1.73E-06
-621	1.75E-06
-620.5	1.76E-06
-620	1.77E-06
-619.5	1.79E-06
-619	1.81E-06
-618.5	1.82E-06
-618	1.84E-06
-617.5	1.85E-06
-617	1.87E-06
-616.5	1.89E-06
-616	1.90E-06
-615.5	1.92E-06
-615	1.93E-06
-614.5	1.95E-06
-614	1.97E-06
-613.5	1.99E-06
-613	2.00E-06
-612.5	2.02E-06
-612	2.04E-06
-611.5	2.05E-06
-611	2.07E-06
-610.5	2.09E-06
-610	2.11E-06
-609.5	2.12E-06
-609	2.14E-06
-608.5	2.16E-06
-608	2.18E-06
-607.5	2.20E-06
-607	2.22E-06
-606.5	2.23E-06
-606	2.25E-06
-605.5	2.27E-06
-605	2.29E-06
-604.5	2.31E-06
-604	2.33E-06
-603.5	2.35E-06
-603	2.37E-06
-602.5	2.39E-06
-602	2.41E-06
-601.5	2.43E-06
-601	2.45E-06
-600.5	2.47E-06
-600	2.49E-06
-599.5	2.51E-06
-599	2.53E-06
-598.5	2.55E-06
-598	2.57E-06
-597.5	2.59E-06
-597	2.61E-06
-596.5	2.63E-06
-596	2.65E-06
-595.5	2.67E-06
-595	2.69E-06
-594.5	2.71E-06
-594	2.74E-06
-593.5	2.76E-06
-593	2.78E-06
-592.5	2.80E-06
-592	2.82E-06
-591.5	2.85E-06
-591	2.87E-06
-590.5	2.89E-06
-590	2.91E-06
-589.5	2.93E-06
-589	2.96E-06
-588.5	2.98E-06
-588	3.00E-06
-587.5	3.03E-06
-587	3.05E-06
-586.5	3.07E-06
-586	3.09E-06
-585.5	3.12E-06
-585	3.14E-06
-584.5	3.16E-06
-584	3.19E-06
-583.5	3.21E-06
-583	3.23E-06
-582.5	3.26E-06
-582	3.28E-06
-581.5	3.31E-06
-581	3.33E-06
-580.5	3.35E-06
-580	3.38E-06
-579.5	3.40E-06
-579	3.42E-06
-578.5	3.45E-06
-578	3.47E-06
-577.5	3.50E-06
-577	3.52E-06
-576.5	3.55E-06
-576	3.57E-06
-575.5	3.59E-06
-575	3.62E-06
-574.5	3.64E-06
-574	3.67E-06
-573.5	3.69E-06
-573	3.72E-06
-572.5	3.74E-06
-572	3.76E-06
-571.5	3.79E-06
-571	3.81E-06
-570.5	3.84E-06
-570	3.86E-06
-569.5	3.89E-06
-569	3.91E-06
-568.5	3.93E-06
-568	3.96E-06
-567.5	3.98E-06
-567	4.01E-06
-566.5	4.03E-06
-566	4.06E-06
-565.5	4.08E-06
-565	4.10E-06
-564.5	4.13E-06
-564	4.15E-06
-563.5	4.17E-06
-563	4.20E-06
-562.5	4.22E-06
-562	4.25E-06
-561.5	4.27E-06
-561	4.29E-06
-560.5	4.32E-06
-560	4.34E-06
-559.5	4.36E-06
-559	4.38E-06
-558.5	4.41E-06
-558	4.43E-06
-557.5	4.45E-06
-557	4.47E-06
-556.5	4.49E-06
-556	4.52E-06
-555.5	4.54E-06
-555	4.56E-06
-554.5	4.58E-06
-554	4.60E-06
-553.5	4.62E-06
-553	4.64E-06
-552.5	4.66E-06
-552	4.68E-06
-551.5	4.70E-06
-551	4.72E-06
-550.5	4.74E-06
-550	4.77E-06
-549.5	4.78E-06
-549	4.80E-06
-548.5	4.82E-06
-548	4.84E-06
-547.5	4.85E-06
-547	4.87E-06
-546.5	4.89E-06
-546	4.91E-06
-545.5	4.92E-06
-545	4.94E-06
-544.5	4.96E-06
-544	4.97E-06
-543.5	4.98E-06
-543	5.00E-06
-542.5	5.01E-06
-542	5.03E-06
-541.5	5.04E-06
-541	5.06E-06
-540.5	5.07E-06
-540	5.08E-06
-539.5	5.09E-06
-539	5.10E-06
-538.5	5.11E-06
-538	5.12E-06
-537.5	5.13E-06
-537	5.14E-06
-536.5	5.15E-06
-536	5.16E-06
-535.5	5.17E-06
-535	5.18E-06
-534.5	5.19E-06
-534	5.19E-06
-533.5	5.20E-06
-533	5.20E-06
-532.5	5.21E-06
-532	5.21E-06
-531.5	5.22E-06
-531	5.22E-06
-530.5	5.23E-06
-530	5.23E-06
-529.5	5.23E-06
-529	5.23E-06
-528.5	5.23E-06
-528	5.23E-06
-527.5	5.23E-06
-527	5.23E-06
-526.5	5.23E-06
-526	5.23E-06
-525.5	5.23E-06
-525	5.23E-06
-524.5	5.22E-06
-524	5.21E-06
-523.5	5.21E-06
-523	5.20E-06
-522.5	5.19E-06
-522	5.19E-06
-521.5	5.18E-06
-521	5.17E-06
-520.5	5.16E-06
-520	5.16E-06
-519.5	5.14E-06
-519	5.13E-06
-518.5	5.12E-06
-518	5.10E-06
-517.5	5.09E-06
-517	5.08E-06
-516.5	5.06E-06
-516	5.05E-06
-515.5	5.04E-06
-515	5.02E-06
-514.5	5.00E-06
-514	4.98E-06
-513.5	4.96E-06
-513	4.94E-06
-512.5	4.92E-06
-512	4.90E-06
-511.5	4.88E-06
-511	4.86E-06
-510.5	4.84E-06
-510	4.82E-06
-509.5	4.80E-06
-509	4.77E-06
-508.5	4.74E-06
-508	4.72E-06
-507.5	4.69E-06
-507	4.67E-06
-506.5	4.64E-06
-506	4.61E-06
-505.5	4.59E-06
-505	4.56E-06
-504.5	4.53E-06
-504	4.50E-06
-503.5	4.46E-06
-503	4.43E-06
-502.5	4.40E-06
-502	4.37E-06
-501.5	4.34E-06
-501	4.30E-06
-500.5	4.27E-06
-500	4.24E-06
-499.5	4.20E-06
-499	4.17E-06
-498.5	4.13E-06
-498	4.10E-06
-497.5	4.06E-06
-497	4.02E-06
-496.5	3.99E-06
-496	3.95E-06
-495.5	3.91E-06
-495	3.87E-06
-494.5	3.83E-06
-494	3.79E-06
-493.5	3.76E-06
-493	3.72E-06
-492.5	3.68E-06
-492	3.64E-06
-491.5	3.60E-06
-491	3.56E-06
-490.5	3.52E-06
-490	3.48E-06
-489.5	3.44E-06
-489	3.40E-06
-488.5	3.35E-06
-488	3.31E-06
-487.5	3.27E-06
-487	3.23E-06
-486.5	3.19E-06
-486	3.15E-06
-485.5	3.11E-06
-485	3.07E-06
-484.5	3.03E-06
-484	2.99E-06
-483.5	2.95E-06
-483	2.91E-06
-482.5	2.87E-06
-482	2.83E-06
-481.5	2.79E-06
-481	2.75E-06
-480.5	2.71E-06
-480	2.67E-06
-479.5	2.63E-06
-479	2.59E-06
-478.5	2.55E-06
-478	2.51E-06
-477.5	2.48E-06
-477	2.44E-06
-476.5	2.40E-06
-476	2.36E-06
-475.5	2.33E-06
-475	2.29E-06
-474.5	2.25E-06
-474	2.22E-06
-473.5	2.18E-06
-473	2.15E-06
-472.5	2.11E-06
-472	2.08E-06
-471.5	2.05E-06
-471	2.01E-06
-470.5	1.98E-06
-470	1.94E-06
-469.5	1.91E-06
-469	1.88E-06
-468.5	1.85E-06
-468	1.82E-06
-467.5	1.79E-06
-467	1.76E-06
-466.5	1.73E-06
-466	1.70E-06
-465.5	1.67E-06
-465	1.64E-06
-464.5	1.61E-06
-464	1.58E-06
-463.5	1.56E-06
-463	1.53E-06
-462.5	1.50E-06
-462	1.47E-06
-461.5	1.45E-06
-461	1.42E-06
-460.5	1.39E-06
-460	1.37E-06
-459.5	1.35E-06
-459	1.32E-06
-458.5	1.30E-06
-458	1.27E-06
-457.5	1.25E-06
-457	1.23E-06
-456.5	1.20E-06
-456	1.18E-06
-455.5	1.16E-06
-455	1.14E-06
-454.5	1.12E-06
-454	1.10E-06
-453.5	1.07E-06
-453	1.05E-06
-452.5	1.03E-06
-452	1.01E-06
-451.5	9.92E-07
-451	9.74E-07
-450.5	9.56E-07
-450	9.37E-07
-449.5	9.19E-07
-449	9.01E-07
-448.5	8.83E-07
-448	8.64E-07
-447.5	8.46E-07
-447	8.30E-07
-446.5	8.14E-07
-446	7.99E-07
-445.5	7.83E-07
-445	7.68E-07
-444.5	7.52E-07
-444	7.37E-07
-443.5	7.21E-07
-443	7.06E-07
-442.5	6.91E-07
-442	6.77E-07
-441.5	6.64E-07
-441	6.51E-07
-440.5	6.38E-07
-440	6.25E-07
-439.5	6.12E-07
-439	5.99E-07
-438.5	5.86E-07
-438	5.73E-07
-437.5	5.61E-07
-437	5.50E-07
-436.5	5.39E-07
-436	5.28E-07
-435.5	5.17E-07
-435	5.06E-07
-434.5	4.95E-07
-434	4.84E-07
-433.5	4.73E-07
-433	4.62E-07
-432.5	4.53E-07
-432	4.44E-07
-431.5	4.34E-07
-431	4.25E-07
-430.5	4.15E-07
-430	4.06E-07
-429.5	3.96E-07
-429	3.87E-07
-428.5	3.78E-07
-428	3.69E-07
-427.5	3.61E-07
-427	3.53E-07
-426.5	3.45E-07
-426	3.37E-07
-425.5	3.29E-07
-425	3.21E-07
-424.5	3.13E-07
-424	3.05E-07
-423.5	2.98E-07
-423	2.91E-07
-422.5	2.84E-07
-422	2.77E-07
-421.5	2.71E-07
-421	2.64E-07
-420.5	2.57E-07
-420	2.50E-07
-419.5	2.43E-07
-419	2.37E-07
-418.5	2.31E-07
-418	2.26E-07
-417.5	2.20E-07
-417	2.14E-07
-416.5	2.09E-07
-416	2.03E-07
-415.5	1.98E-07
-415	1.92E-07
-414.5	1.87E-07
-414	1.81E-07
-413.5	1.77E-07
-413	1.72E-07
-412.5	1.68E-07
-412	1.64E-07
-411.5	1.59E-07
-411	1.55E-07
-410.5	1.51E-07
-410	1.46E-07
-409.5	1.42E-07
-409	1.37E-07
-408.5	1.34E-07
-408	1.31E-07
-407.5	1.27E-07
-407	1.24E-07
-406.5	1.21E-07
-406	1.17E-07
-405.5	1.14E-07
-405	1.11E-07
-404.5	1.07E-07
-404	1.04E-07
-403.5	1.02E-07
-403	9.92E-08
-402.5	9.68E-08
-402	9.43E-08
-401.5	9.18E-08
-401	8.93E-08
-400.5	8.68E-08
-400	8.44E-08
-399.5	8.19E-08
-399	7.94E-08
-398.5	7.76E-08
-398	7.58E-08
-397.5	7.39E-08
-397	7.21E-08
-396.5	7.03E-08
-396	6.84E-08
-395.5	6.66E-08
-395	6.47E-08
-394.5	6.29E-08
-394	6.11E-08
-393.5	5.98E-08
-393	5.84E-08
-392.5	5.71E-08
-392	5.57E-08
-391.5	5.43E-08
-391	5.30E-08
-390.5	5.16E-08
-390	5.03E-08
-389.5	4.89E-08
-389	4.76E-08
-388.5	4.66E-08
-388	4.56E-08
-387.5	4.45E-08
-387	4.35E-08
-386.5	4.25E-08
-386	4.15E-08
-385.5	4.05E-08
-385	3.95E-08
-384.5	3.85E-08
-384	3.75E-08
-383.5	3.67E-08
-383	3.60E-08
-382.5	3.52E-08
-382	3.44E-08
-381.5	3.37E-08
-381	3.29E-08
-380.5	3.21E-08
-380	3.14E-08
-379.5	3.06E-08
-379	2.99E-08
-378.5	2.93E-08
-378	2.87E-08
-377.5	2.82E-08
-377	2.76E-08
-376.5	2.70E-08
-376	2.64E-08
-375.5	2.59E-08
-375	2.53E-08
-374.5	2.47E-08
-374	2.42E-08
-373.5	2.37E-08
-373	2.33E-08
-372.5	2.29E-08
-372	2.24E-08
-371.5	2.20E-08
-371	2.16E-08
-370.5	2.11E-08
-370	2.07E-08
-369.5	2.03E-08
-369	1.99E-08
-368.5	1.95E-08
-368	1.92E-08
-367.5	1.89E-08
-367	1.85E-08
-366.5	1.82E-08
-366	1.79E-08
-365.5	1.75E-08
-365	1.72E-08
-364.5	1.69E-08
-364	1.66E-08
-363.5	1.63E-08
-363	1.61E-08
-362.5	1.58E-08
-362	1.56E-08
-361.5	1.53E-08
-361	1.51E-08
-360.5	1.48E-08
-360	1.45E-08
-359.5	1.43E-08
-359	1.41E-08
-358.5	1.39E-08
-358	1.37E-08
-357.5	1.35E-08
-357	1.33E-08
-356.5	1.31E-08
-356	1.29E-08
-355.5	1.27E-08
-355	1.25E-08
-354.5	1.24E-08
-354	1.22E-08
-353.5	1.20E-08
-353	1.19E-08
-352.5	1.18E-08
-352	1.16E-08
-351.5	1.15E-08
-351	1.13E-08
-350.5	1.12E-08
-350	1.10E-08
-349.5	1.09E-08
-349	1.08E-08
-348.5	1.07E-08
-348	1.06E-08
-347.5	1.04E-08
-347	1.03E-08
-346.5	1.02E-08
-346	1.01E-08
-345.5	1.00E-08
-345	9.92E-09
-344.5	9.81E-09
-344	9.72E-09
-343.5	9.64E-09
-343	9.56E-09
-342.5	9.49E-09
-342	9.41E-09
-341.5	9.33E-09
-341	9.26E-09
-340.5	9.18E-09
-340	9.11E-09
-339.5	9.03E-09
-339	8.96E-09
-338.5	8.90E-09
-338	8.85E-09
-337.5	8.79E-09
-337	8.73E-09
-336.5	8.68E-09
-336	8.62E-09
-335.5	8.57E-09
-335	8.51E-09
-334.5	8.45E-09
-334	8.40E-09
-333.5	8.36E-09
-333	8.32E-09
-332.5	8.27E-09
-332	8.23E-09
-331.5	8.19E-09
-331	8.15E-09
-330.5	8.10E-09
-330	8.06E-09
-329.5	8.02E-09
-329	7.98E-09
-328.5	7.95E-09
-328	7.91E-09
-327.5	7.88E-09
-327	7.85E-09
-326.5	7.81E-09
-326	7.78E-09
-325.5	7.74E-09
-325	7.71E-09
-324.5	7.68E-09
-324	7.65E-09
-323.5	7.62E-09
-323	7.59E-09
-322.5	7.56E-09
-322	7.54E-09
-321.5	7.51E-09
-321	7.48E-09
-320.5	7.46E-09
-320	7.43E-09
-319.5	7.40E-09
-319	7.38E-09
-318.5	7.36E-09
-318	7.34E-09
-317.5	7.32E-09
-317	7.30E-09
-316.5	7.28E-09
-316	7.26E-09
-315.5	7.23E-09
-315	7.21E-09
-314.5	7.19E-09
-314	7.17E-09
-313.5	7.15E-09
-313	7.14E-09
-312.5	7.12E-09
-312	7.10E-09
-311.5	7.08E-09
-311	7.06E-09
-310.5	7.04E-09
-310	7.02E-09
-309.5	7.00E-09
-309	6.98E-09
-308.5	6.96E-09
-308	6.94E-09
-307.5	6.92E-09
-307	6.90E-09
-306.5	6.88E-09
-306	6.86E-09
-305.5	6.84E-09
-305	6.82E-09
-304.5	6.80E-09
-304	6.78E-09
-303.5	6.76E-09
-303	6.74E-09
-302.5	6.73E-09
-302	6.71E-09
-301.5	6.69E-09
-301	6.67E-09
-300.5	6.65E-09
-300	6.63E-09
-299.5	6.62E-09
-299	6.60E-09
-298.5	6.58E-09
-298	6.56E-09
-297.5	6.54E-09
-297	6.53E-09
-296.5	6.51E-09
-296	6.49E-09
-295.5	6.47E-09
-295	6.45E-09
-294.5	6.44E-09
-294	6.42E-09
-293.5	6.40E-09
-293	6.38E-09
-292.5	6.36E-09
-292	6.34E-09
-291.5	6.32E-09
-291	6.30E-09
-290.5	6.28E-09
-290	6.26E-09
-289.5	6.24E-09
-289	6.22E-09
-288.5	6.21E-09
-288	6.19E-09
-287.5	6.18E-09
-287	6.16E-09
-286.5	6.14E-09
-286	6.13E-09
-285.5	6.11E-09
-285	6.10E-09
-284.5	6.08E-09
-284	6.07E-09
-283.5	6.06E-09
-283	6.05E-09
-282.5	6.04E-09
-282	6.03E-09
-281.5	6.03E-09
-281	6.02E-09
-280.5	6.01E-09
-280	6.00E-09
-279.5	5.99E-09
-279	5.98E-09
-278.5	5.98E-09
-278	5.97E-09
-277.5	5.97E-09
-277	5.96E-09
-276.5	5.96E-09
-276	5.95E-09
-275.5	5.95E-09
-275	5.94E-09
-274.5	5.94E-09
-274	5.94E-09
-273.5	5.93E-09
-273	5.93E-09
-272.5	5.92E-09
-272	5.92E-09
-271.5	5.91E-09
-271	5.91E-09
-270.5	5.90E-09
-270	5.90E-09
-269.5	5.90E-09
-269	5.89E-09
-268.5	5.89E-09
-268	5.89E-09
-267.5	5.88E-09
-267	5.88E-09
-266.5	5.88E-09
-266	5.88E-09
-265.5	5.87E-09
-265	5.87E-09
-264.5	5.87E-09
-264	5.87E-09
-263.5	5.87E-09
-263	5.87E-09
-262.5	5.87E-09
-262	5.87E-09
-261.5	5.88E-09
-261	5.88E-09
-260.5	5.88E-09
-260	5.88E-09
-259.5	5.88E-09
-259	5.89E-09
-258.5	5.89E-09
-258	5.89E-09
-257.5	5.90E-09
-257	5.90E-09
-256.5	5.90E-09
-256	5.91E-09
-255.5	5.91E-09
-255	5.91E-09
-254.5	5.92E-09
-254	5.92E-09
-253.5	5.92E-09
-253	5.93E-09
-252.5	5.93E-09
-252	5.94E-09
-251.5	5.94E-09
-251	5.95E-09
-250.5	5.95E-09
-250	5.96E-09
-249.5	5.96E-09
-249	5.97E-09
-248.5	5.98E-09
-248	5.98E-09
-247.5	5.99E-09
-247	6.00E-09
-246.5	6.01E-09
-246	6.01E-09
-245.5	6.02E-09
-245	6.03E-09
-244.5	6.04E-09
-244	6.05E-09
-243.5	6.06E-09
-243	6.06E-09
-242.5	6.07E-09
-242	6.08E-09
-241.5	6.09E-09
-241	6.10E-09
-240.5	6.11E-09
-240	6.12E-09
-239.5	6.13E-09
-239	6.13E-09
-238.5	6.14E-09
-238	6.15E-09
-237.5	6.15E-09
-237	6.16E-09
-236.5	6.16E-09
-236	6.17E-09
-235.5	6.18E-09
-235	6.18E-09
-234.5	6.19E-09
-234	6.19E-09
-233.5	6.20E-09
-233	6.20E-09
-232.5	6.20E-09
-232	6.21E-09
-231.5	6.21E-09
-231	6.21E-09
-230.5	6.22E-09
-230	6.22E-09
-229.5	6.22E-09
-229	6.23E-09
-228.5	6.23E-09
-228	6.23E-09
-227.5	6.23E-09
-227	6.23E-09
-226.5	6.23E-09
-226	6.23E-09
-225.5	6.23E-09
-225	6.23E-09
-224.5	6.23E-09
-224	6.23E-09
-223.5	6.23E-09
-223	6.23E-09
-222.5	6.22E-09
-222	6.22E-09
-221.5	6.22E-09
-221	6.22E-09
-220.5	6.22E-09
-220	6.22E-09
-219.5	6.21E-09
-219	6.21E-09
-218.5	6.21E-09
-218	6.21E-09
-217.5	6.21E-09
-217	6.22E-09
-216.5	6.22E-09
-216	6.22E-09
-215.5	6.22E-09
-215	6.22E-09
-214.5	6.22E-09
-214	6.22E-09
-213.5	6.22E-09
-213	6.22E-09
-212.5	6.23E-09
-212	6.23E-09
-211.5	6.23E-09
-211	6.23E-09
-210.5	6.24E-09
-210	6.24E-09
-209.5	6.24E-09
-209	6.24E-09
-208.5	6.24E-09
-208	6.24E-09
-207.5	6.24E-09
-207	6.24E-09
-206.5	6.24E-09
-206	6.24E-09
-205.5	6.24E-09
-205	6.24E-09
-204.5	6.24E-09
-204	6.24E-09
-203.5	6.23E-09
-203	6.23E-09
-202.5	6.22E-09
-202	6.22E-09
-201.5	6.21E-09
-201	6.21E-09
-200.5	6.21E-09
-200	6.20E-09
-199.5	6.20E-09
-199	6.19E-09
-198.5	6.19E-09
-198	6.18E-09
-197.5	6.18E-09
-197	6.18E-09
-196.5	6.17E-09
-196	6.17E-09
-195.5	6.16E-09
-195	6.16E-09
-194.5	6.15E-09
-194	6.15E-09
-193.5	6.15E-09
-193	6.15E-09
-192.5	6.14E-09
-192	6.14E-09
-191.5	6.14E-09
-191	6.14E-09
-190.5	6.13E-09
-190	6.13E-09
-189.5	6.13E-09
-189	6.13E-09
-188.5	6.12E-09
-188	6.12E-09
-187.5	6.12E-09
-187	6.11E-09
-186.5	6.11E-09
-186	6.11E-09
-185.5	6.10E-09
-185	6.10E-09
-184.5	6.09E-09
-184	6.09E-09
-183.5	6.09E-09
-183	6.09E-09
-182.5	6.09E-09
-182	6.09E-09
-181.5	6.09E-09
-181	6.08E-09
-180.5	6.08E-09
-180	6.08E-09
-179.5	6.08E-09
-179	6.08E-09
-178.5	6.09E-09
-178	6.09E-09
-177.5	6.09E-09
-177	6.10E-09
-176.5	6.10E-09
-176	6.10E-09
-175.5	6.11E-09
-175	6.11E-09
-174.5	6.11E-09
-174	6.12E-09
-173.5	6.12E-09
-173	6.12E-09
-172.5	6.13E-09
-172	6.13E-09
-171.5	6.13E-09
-171	6.14E-09
-170.5	6.14E-09
-170	6.14E-09
-169.5	6.15E-09
-169	6.15E-09
-168.5	6.15E-09
-168	6.16E-09
-167.5	6.16E-09
-167	6.17E-09
-166.5	6.17E-09
-166	6.17E-09
-165.5	6.18E-09
-165	6.18E-09
-164.5	6.19E-09
-164	6.19E-09
-163.5	6.20E-09
-163	6.21E-09
-162.5	6.21E-09
-162	6.22E-09
-161.5	6.23E-09
-161	6.24E-09
-160.5	6.24E-09
-160	6.25E-09
-159.5	6.26E-09
-159	6.27E-09
-158.5	6.28E-09
-158	6.29E-09
-157.5	6.30E-09
-157	6.30E-09
-156.5	6.31E-09
-156	6.32E-09
-155.5	6.33E-09
-155	6.34E-09
-154.5	6.35E-09
-154	6.36E-09
-153.5	6.37E-09
-153	6.38E-09
-152.5	6.39E-09
-152	6.40E-09
-151.5	6.41E-09
-151	6.42E-09
-150.5	6.43E-09
-150	6.44E-09
-149.5	6.45E-09
-149	6.46E-09
-148.5	6.48E-09
-148	6.49E-09
-147.5	6.50E-09
-147	6.51E-09
-146.5	6.52E-09
-146	6.54E-09
-145.5	6.55E-09
-145	6.56E-09
-144.5	6.57E-09
-144	6.58E-09
-143.5	6.59E-09
-143	6.61E-09
-142.5	6.62E-09
-142	6.63E-09
-141.5	6.64E-09
-141	6.65E-09
-140.5	6.66E-09
-140	6.67E-09
-139.5	6.69E-09
-139	6.70E-09
-138.5	6.71E-09
-138	6.72E-09
-137.5	6.73E-09
-137	6.74E-09
-136.5	6.75E-09
-136	6.76E-09
-135.5	6.77E-09
-135	6.79E-09
-134.5	6.80E-09
-134	6.81E-09
-133.5	6.82E-09
-133	6.83E-09
-132.5	6.84E-09
-132	6.85E-09
-131.5	6.86E-09
-131	6.87E-09
-130.5	6.88E-09
-130	6.89E-09
-129.5	6.90E-09
-129	6.91E-09
-128.5	6.92E-09
-128	6.94E-09
-127.5	6.95E-09
-127	6.96E-09
-126.5	6.97E-09
-126	6.98E-09
-125.5	6.99E-09
-125	7.00E-09
-124.5	7.01E-09
-124	7.03E-09
-123.5	7.04E-09
-123	7.05E-09
-122.5	7.06E-09
-122	7.08E-09
-121.5	7.09E-09
-121	7.10E-09
-120.5	7.11E-09
-120	7.13E-09
-119.5	7.14E-09
-119	7.15E-09
-118.5	7.16E-09
-118	7.17E-09
-117.5	7.18E-09
-117	7.19E-09
-116.5	7.20E-09
-116	7.21E-09
-115.5	7.22E-09
-115	7.23E-09
-114.5	7.24E-09
-114	7.24E-09
-113.5	7.25E-09
-113	7.26E-09
-112.5	7.26E-09
-112	7.27E-09
-111.5	7.28E-09
-111	7.29E-09
-110.5	7.29E-09
-110	7.30E-09
-109.5	7.31E-09
-109	7.32E-09
-108.5	7.33E-09
-108	7.34E-09
-107.5	7.34E-09
-107	7.35E-09
-106.5	7.36E-09
-106	7.37E-09
-105.5	7.38E-09
-105	7.39E-09
-104.5	7.40E-09
-104	7.41E-09
-103.5	7.43E-09
-103	7.44E-09
-102.5	7.45E-09
-102	7.46E-09
-101.5	7.48E-09
-101	7.49E-09
-100.5	7.50E-09
-100	7.52E-09
-99.5	7.53E-09
-99	7.54E-09
-98.5	7.55E-09
-98	7.56E-09
-97.5	7.58E-09
-97	7.59E-09
-96.5	7.60E-09
-96	7.61E-09
-95.5	7.63E-09
-95	7.64E-09
-94.5	7.65E-09
-94	7.66E-09
-93.5	7.67E-09
-93	7.68E-09
-92.5	7.69E-09
-92	7.70E-09
-91.5	7.71E-09
-91	7.72E-09
-90.5	7.73E-09
-90	7.74E-09
-89.5	7.75E-09
-89	7.76E-09
-88.5	7.77E-09
-88	7.78E-09
-87.5	7.79E-09
-87	7.80E-09
-86.5	7.81E-09
-86	7.82E-09
-85.5	7.83E-09
-85	7.84E-09
-84.5	7.85E-09
-84	7.86E-09
-83.5	7.88E-09
-83	7.89E-09
-82.5	7.90E-09
-82	7.91E-09
-81.5	7.92E-09
-81	7.94E-09
-80.5	7.95E-09
-80	7.96E-09
-79.5	7.97E-09
-79	7.98E-09
-78.5	8.00E-09
-78	8.01E-09
-77.5	8.02E-09
-77	8.03E-09
-76.5	8.04E-09
-76	8.05E-09
-75.5	8.07E-09
-75	8.08E-09
-74.5	8.09E-09
-74	8.10E-09
-73.5	8.11E-09
-73	8.11E-09
-72.5	8.12E-09
-72	8.13E-09
-71.5	8.14E-09
-71	8.15E-09
-70.5	8.16E-09
-70	8.17E-09
-69.5	8.18E-09
-69	8.19E-09
-68.5	8.19E-09
-68	8.20E-09
-67.5	8.21E-09
-67	8.22E-09
-66.5	8.22E-09
-66	8.23E-09
-65.5	8.24E-09
-65	8.24E-09
-64.5	8.25E-09
-64	8.25E-09
-63.5	8.26E-09
-63	8.26E-09
-62.5	8.27E-09
-62	8.27E-09
-61.5	8.28E-09
-61	8.28E-09
-60.5	8.29E-09
-60	8.29E-09
-59.5	8.30E-09
-59	8.30E-09
-58.5	8.30E-09
-58	8.31E-09
-57.5	8.31E-09
-57	8.31E-09
-56.5	8.32E-09
-56	8.32E-09
-55.5	8.32E-09
-55	8.33E-09
-54.5	8.33E-09
-54	8.34E-09
-53.5	8.34E-09
-53	8.35E-09
-52.5	8.35E-09
-52	8.35E-09
-51.5	8.36E-09
-51	8.36E-09
-50.5	8.37E-09
-50	8.37E-09
-49.5	8.38E-09
-49	8.38E-09
-48.5	8.38E-09
-48	8.39E-09
-47.5	8.39E-09
-47	8.40E-09
-46.5	8.40E-09
-46	8.40E-09
-45.5	8.41E-09
-45	8.41E-09
-44.5	8.42E-09
-44	8.42E-09
-43.5	8.42E-09
-43	8.43E-09
-42.5	8.43E-09
-42	8.43E-09
-41.5	8.44E-09
-41	8.44E-09
-40.5	8.44E-09
-40	8.45E-09
-39.5	8.45E-09
-39	8.46E-09
-38.5	8.46E-09
-38	8.46E-09
-37.5	8.47E-09
-37	8.47E-09
-36.5	8.48E-09
-36	8.48E-09
-35.5	8.49E-09
-35	8.49E-09
-34.5	8.49E-09
-34	8.50E-09
-33.5	8.50E-09
-33	8.50E-09
-32.5	8.50E-09
-32	8.51E-09
-31.5	8.51E-09
-31	8.51E-09
-30.5	8.51E-09
-30	8.52E-09
-29.5	8.52E-09
-29	8.52E-09
-28.5	8.52E-09
-28	8.52E-09
-27.5	8.52E-09
-27	8.53E-09
-26.5	8.53E-09
-26	8.53E-09
-25.5	8.53E-09
-25	8.53E-09
-24.5	8.54E-09
-24	8.54E-09
-23.5	8.54E-09
-23	8.55E-09
-22.5	8.55E-09
-22	8.56E-09
-21.5	8.56E-09
-21	8.56E-09
-20.5	8.57E-09
-20	8.57E-09
-19.5	8.58E-09
-19	8.58E-09
-18.5	8.58E-09
-18	8.59E-09
-17.5	8.59E-09
-17	8.59E-09
-16.5	8.59E-09
-16	8.60E-09
-15.5	8.60E-09
-15	8.60E-09
-14.5	8.60E-09
-14	8.61E-09
-13.5	8.61E-09
-13	8.61E-09
-12.5	8.61E-09
-12	8.61E-09
-11.5	8.61E-09
-11	8.61E-09
-10.5	8.61E-09
-10	8.61E-09
-9.5	8.61E-09
-9	8.61E-09
-8.5	8.61E-09
-8	8.61E-09
-7.5	8.61E-09
-7	8.61E-09
-6.5	8.61E-09
-6	8.61E-09
-5.5	8.62E-09
-5	8.62E-09
-4.5	8.62E-09
-4	8.61E-09
-3.5	8.61E-09
-3	8.61E-09
-2.5	8.61E-09
-2	8.61E-09
-1.5	8.61E-09
-1	8.61E-09
-0.5	8.61E-09
0	8.61E-09
0.5	8.60E-09
1	8.60E-09
1.5	8.60E-09
2	8.59E-09
2.5	8.59E-09
3	8.59E-09
3.5	8.59E-09
4	8.58E-09
4.5	8.58E-09
5	8.58E-09
5.5	8.58E-09
6	8.58E-09
6.5	8.57E-09
7	8.57E-09
7.5	8.57E-09
8	8.57E-09
8.5	8.57E-09
9	8.57E-09
9.5	8.57E-09
10	8.57E-09
10.5	8.56E-09
11	8.56E-09
11.5	8.55E-09
12	8.55E-09
12.5	8.55E-09
13	8.54E-09
13.5	8.54E-09
14	8.54E-09
14.5	8.53E-09
15	8.53E-09
15.5	8.53E-09
16	8.52E-09
16.5	8.51E-09
17	8.51E-09
17.5	8.50E-09
18	8.50E-09
18.5	8.49E-09
19	8.49E-09
19.5	8.48E-09
20	8.48E-09
20.5	8.48E-09
21	8.47E-09
21.5	8.47E-09
22	8.47E-09
22.5	8.47E-09
23	8.46E-09
23.5	8.46E-09
24	8.46E-09
24.5	8.46E-09
25	8.45E-09
25.5	8.45E-09
26	8.45E-09
26.5	8.45E-09
27	8.45E-09
27.5	8.44E-09
28	8.44E-09
28.5	8.44E-09
29	8.44E-09
29.5	8.43E-09
30	8.43E-09
30.5	8.43E-09
31	8.43E-09
31.5	8.42E-09
32	8.42E-09
32.5	8.42E-09
33	8.41E-09
33.5	8.41E-09
34	8.41E-09
34.5	8.40E-09
35	8.40E-09
35.5	8.40E-09
36	8.39E-09
36.5	8.39E-09
37	8.39E-09
37.5	8.39E-09
38	8.39E-09
38.5	8.38E-09
39	8.38E-09
39.5	8.38E-09
40	8.38E-09
40.5	8.37E-09
41	8.37E-09
41.5	8.37E-09
42	8.36E-09
42.5	8.36E-09
43	8.36E-09
43.5	8.35E-09
44	8.35E-09
44.5	8.34E-09
45	8.34E-09
45.5	8.34E-09
46	8.33E-09
46.5	8.33E-09
47	8.32E-09
47.5	8.32E-09
48	8.31E-09
48.5	8.31E-09
49	8.30E-09
49.5	8.29E-09
50	8.29E-09
50.5	8.29E-09
51	8.28E-09
51.5	8.28E-09
52	8.28E-09
52.5	8.28E-09
53	8.27E-09
53.5	8.27E-09
54	8.27E-09
54.5	8.26E-09
55	8.26E-09
55.5	8.26E-09
56	8.25E-09
56.5	8.25E-09
57	8.25E-09
57.5	8.24E-09
58	8.24E-09
58.5	8.24E-09
59	8.23E-09
59.5	8.23E-09
60	8.23E-09
60.5	8.22E-09
61	8.21E-09
61.5	8.21E-09
62	8.20E-09
62.5	8.19E-09
63	8.19E-09
63.5	8.18E-09
64	8.17E-09
64.5	8.17E-09
65	8.16E-09
65.5	8.15E-09
66	8.15E-09
66.5	8.14E-09
67	8.13E-09
67.5	8.13E-09
68	8.12E-09
68.5	8.11E-09
69	8.10E-09
69.5	8.10E-09
70	8.09E-09
70.5	8.08E-09
71	8.07E-09
71.5	8.07E-09
72	8.06E-09
72.5	8.05E-09
73	8.04E-09
73.5	8.03E-09
74	8.03E-09
74.5	8.02E-09
75	8.01E-09
75.5	8.00E-09
76	7.99E-09
76.5	7.97E-09
77	7.96E-09
77.5	7.95E-09
78	7.94E-09
78.5	7.93E-09
79	7.92E-09
79.5	7.91E-09
80	7.89E-09
80.5	7.88E-09
81	7.86E-09
81.5	7.85E-09
82	7.83E-09
82.5	7.82E-09
83	7.80E-09
83.5	7.79E-09
84	7.77E-09
84.5	7.76E-09
85	7.74E-09
85.5	7.72E-09
86	7.71E-09
86.5	7.69E-09
87	7.67E-09
87.5	7.65E-09
88	7.64E-09
88.5	7.62E-09
89	7.60E-09
89.5	7.58E-09
90	7.57E-09
90.5	7.55E-09
91	7.53E-09
91.5	7.51E-09
92	7.50E-09
92.5	7.48E-09
93	7.46E-09
93.5	7.45E-09
94	7.43E-09
94.5	7.41E-09
95	7.39E-09
95.5	7.38E-09
96	7.36E-09
96.5	7.35E-09
97	7.33E-09
97.5	7.32E-09
98	7.30E-09
98.5	7.29E-09
99	7.27E-09
99.5	7.26E-09
100	7.24E-09
100.5	7.23E-09
101	7.21E-09
101.5	7.20E-09
102	7.19E-09
102.5	7.17E-09
103	7.16E-09
103.5	7.15E-09
104	7.13E-09
104.5	7.12E-09
105	7.11E-09
105.5	7.10E-09
106	7.08E-09
106.5	7.07E-09
107	7.06E-09
107.5	7.05E-09
108	7.04E-09
108.5	7.03E-09
109	7.01E-09
109.5	7.00E-09
110	6.99E-09
110.5	6.98E-09
111	6.97E-09
111.5	6.96E-09
112	6.95E-09
112.5	6.94E-09
113	6.93E-09
113.5	6.92E-09
114	6.91E-09
114.5	6.90E-09
115	6.89E-09
115.5	6.88E-09
116	6.87E-09
116.5	6.86E-09
117	6.85E-09
117.5	6.84E-09
118	6.83E-09
118.5	6.82E-09
119	6.81E-09
119.5	6.80E-09
120	6.79E-09
120.5	6.78E-09
121	6.77E-09
121.5	6.76E-09
122	6.75E-09
122.5	6.74E-09
123	6.72E-09
123.5	6.71E-09
124	6.70E-09
124.5	6.69E-09
125	6.68E-09
125.5	6.67E-09
126	6.65E-09
126.5	6.64E-09
127	6.63E-09
127.5	6.62E-09
128	6.60E-09
128.5	6.59E-09
129	6.58E-09
129.5	6.57E-09
130	6.56E-09
130.5	6.54E-09
131	6.53E-09
131.5	6.52E-09
132	6.51E-09
132.5	6.50E-09
133	6.48E-09
133.5	6.47E-09
134	6.46E-09
134.5	6.45E-09
135	6.44E-09
135.5	6.42E-09
136	6.41E-09
136.5	6.40E-09
137	6.38E-09
137.5	6.37E-09
138	6.36E-09
138.5	6.35E-09
139	6.33E-09
139.5	6.32E-09
140	6.31E-09
140.5	6.29E-09
141	6.28E-09
141.5	6.26E-09
142	6.25E-09
142.5	6.24E-09
143	6.22E-09
143.5	6.21E-09
144	6.19E-09
144.5	6.18E-09
145	6.17E-09
145.5	6.15E-09
146	6.14E-09
146.5	6.13E-09
147	6.12E-09
147.5	6.11E-09
148	6.10E-09
148.5	6.08E-09
149	6.07E-09
149.5	6.06E-09
150	6.05E-09
150.5	6.04E-09
151	6.03E-09
151.5	6.02E-09
152	6.00E-09
152.5	5.99E-09
153	5.98E-09
153.5	5.97E-09
154	5.96E-09
154.5	5.95E-09
155	5.94E-09
155.5	5.93E-09
156	5.92E-09
156.5	5.91E-09
157	5.90E-09
157.5	5.88E-09
158	5.87E-09
158.5	5.86E-09
159	5.85E-09
159.5	5.84E-09
160	5.83E-09
160.5	5.83E-09
161	5.82E-09
161.5	5.81E-09
162	5.81E-09
162.5	5.80E-09
163	5.79E-09
163.5	5.79E-09
164	5.78E-09
164.5	5.77E-09
165	5.77E-09
165.5	5.76E-09
166	5.76E-09
166.5	5.76E-09
167	5.75E-09
167.5	5.75E-09
168	5.74E-09
168.5	5.74E-09
169	5.74E-09
169.5	5.73E-09
170	5.73E-09
170.5	5.72E-09
171	5.72E-09
171.5	5.72E-09
172	5.71E-09
172.5	5.71E-09
173	5.71E-09
173.5	5.70E-09
174	5.70E-09
174.5	5.69E-09
175	5.69E-09
175.5	5.69E-09
176	5.69E-09
176.5	5.69E-09
177	5.69E-09
177.5	5.69E-09
178	5.69E-09
178.5	5.69E-09
179	5.68E-09
179.5	5.68E-09
180	5.68E-09
180.5	5.69E-09
181	5.69E-09
181.5	5.69E-09
182	5.69E-09
182.5	5.69E-09
183	5.69E-09
183.5	5.69E-09
184	5.69E-09
184.5	5.70E-09
185	5.70E-09
185.5	5.70E-09
186	5.70E-09
186.5	5.70E-09
187	5.70E-09
187.5	5.71E-09
188	5.71E-09
188.5	5.71E-09
189	5.71E-09
189.5	5.71E-09
190	5.71E-09
190.5	5.72E-09
191	5.72E-09
191.5	5.72E-09
192	5.72E-09
192.5	5.73E-09
193	5.73E-09
193.5	5.73E-09
194	5.73E-09
194.5	5.74E-09
195	5.74E-09
195.5	5.74E-09
196	5.74E-09
196.5	5.74E-09
197	5.74E-09
197.5	5.74E-09
198	5.74E-09
198.5	5.75E-09
199	5.75E-09
199.5	5.75E-09
200	5.75E-09
200.5	5.75E-09
201	5.74E-09
201.5	5.74E-09
202	5.74E-09
202.5	5.74E-09
203	5.74E-09
203.5	5.74E-09
204	5.74E-09
204.5	5.73E-09
205	5.73E-09
205.5	5.73E-09
206	5.73E-09
206.5	5.73E-09
207	5.73E-09
207.5	5.73E-09
208	5.73E-09
208.5	5.73E-09
209	5.73E-09
209.5	5.73E-09
210	5.73E-09
210.5	5.73E-09
211	5.73E-09
211.5	5.72E-09
212	5.72E-09
212.5	5.72E-09
213	5.72E-09
213.5	5.72E-09
214	5.72E-09
214.5	5.72E-09
215	5.72E-09
215.5	5.72E-09
216	5.72E-09
216.5	5.72E-09
217	5.72E-09
217.5	5.72E-09
218	5.72E-09
218.5	5.72E-09
219	5.72E-09
219.5	5.72E-09
220	5.72E-09
220.5	5.72E-09
221	5.72E-09
221.5	5.72E-09
222	5.72E-09
222.5	5.72E-09
223	5.72E-09
223.5	5.72E-09
224	5.72E-09
224.5	5.72E-09
225	5.72E-09
225.5	5.72E-09
226	5.72E-09
226.5	5.71E-09
227	5.71E-09
227.5	5.71E-09
228	5.71E-09
228.5	5.70E-09
229	5.70E-09
229.5	5.70E-09
230	5.69E-09
230.5	5.69E-09
231	5.68E-09
231.5	5.68E-09
232	5.67E-09
232.5	5.67E-09
233	5.66E-09
233.5	5.66E-09
234	5.65E-09
234.5	5.65E-09
235	5.64E-09
235.5	5.64E-09
236	5.63E-09
236.5	5.63E-09
237	5.62E-09
237.5	5.62E-09
238	5.61E-09
238.5	5.61E-09
239	5.60E-09
239.5	5.60E-09
240	5.59E-09
240.5	5.58E-09
241	5.57E-09
241.5	5.56E-09
242	5.56E-09
242.5	5.55E-09
243	5.54E-09
243.5	5.53E-09
244	5.52E-09
244.5	5.51E-09
245	5.51E-09
245.5	5.50E-09
246	5.49E-09
246.5	5.48E-09
247	5.47E-09
247.5	5.46E-09
248	5.45E-09
248.5	5.44E-09
249	5.43E-09
249.5	5.42E-09
250	5.41E-09
250.5	5.41E-09
251	5.40E-09
251.5	5.39E-09
252	5.38E-09
252.5	5.38E-09
253	5.37E-09
253.5	5.36E-09
254	5.35E-09
254.5	5.34E-09
255	5.34E-09
255.5	5.33E-09
256	5.33E-09
256.5	5.32E-09
257	5.31E-09
257.5	5.31E-09
258	5.30E-09
258.5	5.29E-09
259	5.29E-09
259.5	5.28E-09
260	5.28E-09
260.5	5.27E-09
261	5.27E-09
261.5	5.26E-09
262	5.26E-09
262.5	5.26E-09
263	5.25E-09
263.5	5.25E-09
264	5.24E-09
264.5	5.24E-09
265	5.24E-09
265.5	5.24E-09
266	5.24E-09
266.5	5.24E-09
267	5.24E-09
267.5	5.24E-09
268	5.24E-09
268.5	5.24E-09
269	5.24E-09
269.5	5.24E-09
270	5.24E-09
270.5	5.25E-09
271	5.25E-09
271.5	5.25E-09
272	5.25E-09
272.5	5.25E-09
273	5.26E-09
273.5	5.26E-09
274	5.26E-09
274.5	5.26E-09
275	5.27E-09
275.5	5.27E-09
276	5.28E-09
276.5	5.29E-09
277	5.29E-09
277.5	5.30E-09
278	5.30E-09
278.5	5.31E-09
279	5.32E-09
279.5	5.32E-09
280	5.33E-09
280.5	5.35E-09
281	5.36E-09
281.5	5.37E-09
282	5.38E-09
282.5	5.39E-09
283	5.40E-09
283.5	5.41E-09
284	5.42E-09
284.5	5.43E-09
285	5.45E-09
285.5	5.46E-09
286	5.47E-09
286.5	5.49E-09
287	5.50E-09
287.5	5.52E-09
288	5.53E-09
288.5	5.55E-09
289	5.56E-09
289.5	5.58E-09
290	5.60E-09
290.5	5.62E-09
291	5.64E-09
291.5	5.66E-09
292	5.68E-09
292.5	5.70E-09
293	5.72E-09
293.5	5.74E-09
294	5.76E-09
294.5	5.78E-09
295	5.80E-09
295.5	5.82E-09
296	5.85E-09
296.5	5.87E-09
297	5.89E-09
297.5	5.91E-09
298	5.93E-09
298.5	5.96E-09
299	5.98E-09
299.5	6.00E-09
300	6.02E-09
300.5	6.04E-09
301	6.06E-09
301.5	6.08E-09
302	6.10E-09
302.5	6.12E-09
303	6.14E-09
303.5	6.16E-09
304	6.18E-09
304.5	6.20E-09
305	6.22E-09
305.5	6.23E-09
306	6.25E-09
306.5	6.27E-09
307	6.29E-09
307.5	6.31E-09
308	6.32E-09
308.5	6.34E-09
309	6.36E-09
309.5	6.38E-09
310	6.40E-09
310.5	6.42E-09
311	6.43E-09
311.5	6.45E-09
312	6.47E-09
312.5	6.49E-09
313	6.51E-09
313.5	6.53E-09
314	6.55E-09
314.5	6.57E-09
315	6.59E-09
315.5	6.61E-09
316	6.63E-09
316.5	6.65E-09
317	6.67E-09
317.5	6.69E-09
318	6.71E-09
318.5	6.73E-09
319	6.75E-09
319.5	6.77E-09
320	6.80E-09
320.5	6.83E-09
321	6.85E-09
321.5	6.88E-09
322	6.91E-09
322.5	6.93E-09
323	6.96E-09
323.5	6.99E-09
324	7.01E-09
324.5	7.04E-09
325	7.08E-09
325.5	7.12E-09
326	7.15E-09
326.5	7.19E-09
327	7.22E-09
327.5	7.26E-09
328	7.29E-09
328.5	7.33E-09
329	7.36E-09
329.5	7.40E-09
330	7.45E-09
330.5	7.49E-09
331	7.54E-09
331.5	7.58E-09
332	7.62E-09
332.5	7.67E-09
333	7.71E-09
333.5	7.76E-09
334	7.80E-09
334.5	7.85E-09
335	7.91E-09
335.5	7.96E-09
336	8.02E-09
336.5	8.07E-09
337	8.13E-09
337.5	8.19E-09
338	8.24E-09
338.5	8.30E-09
339	8.35E-09
339.5	8.42E-09
340	8.50E-09
340.5	8.57E-09
341	8.65E-09
341.5	8.73E-09
342	8.80E-09
342.5	8.88E-09
343	8.96E-09
343.5	9.03E-09
344	9.11E-09
344.5	9.20E-09
345	9.31E-09
345.5	9.42E-09
346	9.53E-09
346.5	9.63E-09
347	9.74E-09
347.5	9.85E-09
348	9.95E-09
348.5	1.01E-08
349	1.02E-08
349.5	1.03E-08
350	1.04E-08
350.5	1.06E-08
351	1.07E-08
351.5	1.09E-08
352	1.10E-08
352.5	1.12E-08
353	1.13E-08
353.5	1.14E-08
354	1.16E-08
354.5	1.18E-08
355	1.19E-08
355.5	1.21E-08
356	1.23E-08
356.5	1.25E-08
357	1.27E-08
357.5	1.29E-08
358	1.31E-08
358.5	1.33E-08
359	1.34E-08
359.5	1.37E-08
360	1.39E-08
360.5	1.42E-08
361	1.44E-08
361.5	1.47E-08
362	1.49E-08
362.5	1.52E-08
363	1.54E-08
363.5	1.57E-08
364	1.59E-08
364.5	1.63E-08
365	1.66E-08
365.5	1.69E-08
366	1.73E-08
366.5	1.76E-08
367	1.79E-08
367.5	1.83E-08
368	1.86E-08
368.5	1.89E-08
369	1.93E-08
369.5	1.97E-08
370	2.01E-08
370.5	2.05E-08
371	2.10E-08
371.5	2.14E-08
372	2.18E-08
372.5	2.23E-08
373	2.27E-08
373.5	2.31E-08
374	2.36E-08
374.5	2.41E-08
375	2.47E-08
375.5	2.52E-08
376	2.58E-08
376.5	2.64E-08
377	2.70E-08
377.5	2.75E-08
378	2.81E-08
378.5	2.87E-08
379	2.92E-08
379.5	3.00E-08
380	3.07E-08
380.5	3.15E-08
381	3.22E-08
381.5	3.30E-08
382	3.38E-08
382.5	3.45E-08
383	3.53E-08
383.5	3.60E-08
384	3.68E-08
384.5	3.78E-08
385	3.88E-08
385.5	3.98E-08
386	4.08E-08
386.5	4.18E-08
387	4.28E-08
387.5	4.38E-08
388	4.48E-08
388.5	4.58E-08
389	4.68E-08
389.5	4.81E-08
390	4.95E-08
390.5	5.08E-08
391	5.22E-08
391.5	5.36E-08
392	5.49E-08
392.5	5.63E-08
393	5.76E-08
393.5	5.90E-08
394	6.03E-08
394.5	6.21E-08
395	6.39E-08
395.5	6.57E-08
396	6.76E-08
396.5	6.94E-08
397	7.12E-08
397.5	7.31E-08
398	7.49E-08
398.5	7.67E-08
399	7.86E-08
399.5	8.10E-08
400	8.34E-08
400.5	8.59E-08
401	8.84E-08
401.5	9.09E-08
402	9.34E-08
402.5	9.58E-08
403	9.83E-08
403.5	1.01E-07
404	1.03E-07
404.5	1.07E-07
405	1.10E-07
405.5	1.13E-07
406	1.17E-07
406.5	1.20E-07
407	1.23E-07
407.5	1.26E-07
408	1.30E-07
408.5	1.33E-07
409	1.36E-07
409.5	1.41E-07
410	1.45E-07
410.5	1.50E-07
411	1.54E-07
411.5	1.58E-07
412	1.63E-07
412.5	1.67E-07
413	1.71E-07
413.5	1.76E-07
414	1.80E-07
414.5	1.86E-07
415	1.91E-07
415.5	1.97E-07
416	2.03E-07
416.5	2.08E-07
417	2.14E-07
417.5	2.19E-07
418	2.25E-07
418.5	2.30E-07
419	2.36E-07
419.5	2.43E-07
420	2.50E-07
420.5	2.57E-07
421	2.63E-07
421.5	2.70E-07
422	2.77E-07
422.5	2.84E-07
423	2.91E-07
423.5	2.98E-07
424	3.05E-07
424.5	3.13E-07
425	3.21E-07
425.5	3.29E-07
426	3.37E-07
426.5	3.46E-07
427	3.54E-07
427.5	3.62E-07
428	3.70E-07
428.5	3.78E-07
429	3.88E-07
429.5	3.97E-07
430	4.07E-07
430.5	4.16E-07
431	4.25E-07
431.5	4.35E-07
432	4.44E-07
432.5	4.54E-07
433	4.63E-07
433.5	4.74E-07
434	4.85E-07
434.5	4.96E-07
435	5.07E-07
435.5	5.18E-07
436	5.29E-07
436.5	5.41E-07
437	5.52E-07
437.5	5.63E-07
438	5.74E-07
438.5	5.87E-07
439	6.01E-07
439.5	6.14E-07
440	6.27E-07
440.5	6.40E-07
441	6.53E-07
441.5	6.66E-07
442	6.79E-07
442.5	6.92E-07
443	7.07E-07
443.5	7.23E-07
444	7.38E-07
444.5	7.54E-07
445	7.70E-07
445.5	7.85E-07
446	8.01E-07
446.5	8.16E-07
447	8.32E-07
447.5	8.48E-07
448	8.67E-07
448.5	8.85E-07
449	9.03E-07
449.5	9.21E-07
450	9.40E-07
450.5	9.58E-07
451	9.76E-07
451.5	9.95E-07
452	1.01E-06
452.5	1.03E-06
453	1.06E-06
453.5	1.08E-06
454	1.10E-06
454.5	1.12E-06
455	1.14E-06
455.5	1.16E-06
456	1.18E-06
456.5	1.20E-06
457	1.23E-06
457.5	1.25E-06
458	1.28E-06
458.5	1.30E-06
459	1.32E-06
459.5	1.35E-06
460	1.37E-06
460.5	1.40E-06
461	1.42E-06
461.5	1.45E-06
462	1.48E-06
462.5	1.50E-06
463	1.53E-06
463.5	1.56E-06
464	1.59E-06
464.5	1.61E-06
465	1.64E-06
465.5	1.67E-06
466	1.70E-06
466.5	1.73E-06
467	1.76E-06
467.5	1.79E-06
468	1.82E-06
468.5	1.85E-06
469	1.88E-06
469.5	1.92E-06
470	1.95E-06
470.5	1.98E-06
471	2.01E-06
471.5	2.05E-06
472	2.08E-06
472.5	2.12E-06
473	2.15E-06
473.5	2.19E-06
474	2.22E-06
474.5	2.25E-06
475	2.29E-06
475.5	2.33E-06
476	2.37E-06
476.5	2.40E-06
477	2.44E-06
477.5	2.48E-06
478	2.52E-06
478.5	2.55E-06
479	2.59E-06
479.5	2.63E-06
480	2.67E-06
480.5	2.71E-06
481	2.75E-06
481.5	2.79E-06
482	2.83E-06
482.5	2.87E-06
483	2.91E-06
483.5	2.95E-06
484	2.99E-06
484.5	3.03E-06
485	3.07E-06
485.5	3.11E-06
486	3.15E-06
486.5	3.20E-06
487	3.24E-06
487.5	3.28E-06
488	3.32E-06
488.5	3.36E-06
489	3.40E-06
489.5	3.44E-06
490	3.48E-06
490.5	3.52E-06
491	3.56E-06
491.5	3.60E-06
492	3.64E-06
492.5	3.68E-06
493	3.72E-06
493.5	3.76E-06
494	3.80E-06
494.5	3.84E-06
495	3.88E-06
495.5	3.92E-06
496	3.95E-06
496.5	3.99E-06
497	4.03E-06
497.5	4.06E-06
498	4.10E-06
498.5	4.13E-06
499	4.17E-06
499.5	4.21E-06
500	4.24E-06
500.5	4.28E-06
501	4.31E-06
501.5	4.34E-06
502	4.37E-06
502.5	4.40E-06
503	4.44E-06
503.5	4.47E-06
504	4.50E-06
504.5	4.53E-06
505	4.56E-06
505.5	4.59E-06
506	4.62E-06
506.5	4.64E-06
507	4.67E-06
507.5	4.69E-06
508	4.72E-06
508.5	4.75E-06
509	4.77E-06
509.5	4.80E-06
510	4.83E-06
510.5	4.85E-06
511	4.87E-06
511.5	4.89E-06
512	4.91E-06
512.5	4.93E-06
513	4.95E-06
513.5	4.97E-06
514	4.99E-06
514.5	5.01E-06
515	5.03E-06
515.5	5.04E-06
516	5.05E-06
516.5	5.07E-06
517	5.08E-06
517.5	5.09E-06
518	5.11E-06
518.5	5.12E-06
519	5.13E-06
519.5	5.15E-06
520	5.16E-06
520.5	5.17E-06
521	5.17E-06
521.5	5.18E-06
522	5.19E-06
522.5	5.19E-06
523	5.20E-06
523.5	5.21E-06
524	5.21E-06
524.5	5.22E-06
525	5.23E-06
525.5	5.23E-06
526	5.23E-06
526.5	5.23E-06
527	5.23E-06
527.5	5.23E-06
528	5.23E-06
528.5	5.23E-06
529	5.23E-06
529.5	5.23E-06
530	5.24E-06
530.5	5.23E-06
531	5.23E-06
531.5	5.22E-06
532	5.22E-06
532.5	5.21E-06
533	5.21E-06
533.5	5.20E-06
534	5.20E-06
534.5	5.19E-06
535	5.19E-06
535.5	5.18E-06
536	5.17E-06
536.5	5.16E-06
537	5.15E-06
537.5	5.14E-06
538	5.13E-06
538.5	5.12E-06
539	5.11E-06
539.5	5.10E-06
540	5.09E-06
540.5	5.07E-06
541	5.06E-06
541.5	5.04E-06
542	5.03E-06
542.5	5.01E-06
543	5.00E-06
543.5	4.99E-06
544	4.97E-06
544.5	4.96E-06
545	4.94E-06
545.5	4.93E-06
546	4.91E-06
546.5	4.89E-06
547	4.87E-06
547.5	4.85E-06
548	4.84E-06
548.5	4.82E-06
549	4.80E-06
549.5	4.78E-06
550	4.77E-06
550.5	4.75E-06
551	4.73E-06
551.5	4.70E-06
552	4.68E-06
552.5	4.66E-06
553	4.64E-06
553.5	4.62E-06
554	4.60E-06
554.5	4.58E-06
555	4.56E-06
555.5	4.54E-06
556	4.52E-06
556.5	4.50E-06
557	4.47E-06
557.5	4.45E-06
558	4.43E-06
558.5	4.41E-06
559	4.38E-06
559.5	4.36E-06
560	4.34E-06
560.5	4.32E-06
561	4.29E-06
561.5	4.27E-06
562	4.25E-06
562.5	4.22E-06
563	4.20E-06
563.5	4.18E-06
564	4.15E-06
564.5	4.13E-06
565	4.10E-06
565.5	4.08E-06
566	4.06E-06
566.5	4.03E-06
567	4.01E-06
567.5	3.98E-06
568	3.96E-06
568.5	3.94E-06
569	3.91E-06
569.5	3.89E-06
570	3.86E-06
570.5	3.84E-06
571	3.81E-06
571.5	3.79E-06
572	3.77E-06
572.5	3.74E-06
573	3.72E-06
573.5	3.69E-06
574	3.67E-06
574.5	3.64E-06
575	3.62E-06
575.5	3.59E-06
576	3.57E-06
576.5	3.55E-06
577	3.52E-06
577.5	3.50E-06
578	3.47E-06
578.5	3.45E-06
579	3.43E-06
579.5	3.40E-06
580	3.38E-06
580.5	3.35E-06
581	3.33E-06
581.5	3.31E-06
582	3.28E-06
582.5	3.26E-06
583	3.24E-06
583.5	3.21E-06
584	3.19E-06
584.5	3.16E-06
585	3.14E-06
585.5	3.12E-06
586	3.10E-06
586.5	3.07E-06
587	3.05E-06
587.5	3.03E-06
588	3.00E-06
588.5	2.98E-06
589	2.96E-06
589.5	2.94E-06
590	2.91E-06
590.5	2.89E-06
591	2.87E-06
591.5	2.85E-06
592	2.82E-06
592.5	2.80E-06
593	2.78E-06
593.5	2.76E-06
594	2.74E-06
594.5	2.72E-06
595	2.69E-06
595.5	2.67E-06
596	2.65E-06
596.5	2.63E-06
597	2.61E-06
597.5	2.59E-06
598	2.57E-06
598.5	2.55E-06
599	2.53E-06
599.5	2.51E-06
600	2.49E-06
600.5	2.47E-06
601	2.45E-06
601.5	2.43E-06
602	2.41E-06
602.5	2.39E-06
603	2.37E-06
603.5	2.35E-06
604	2.33E-06
604.5	2.31E-06
605	2.29E-06
605.5	2.27E-06
606	2.25E-06
606.5	2.23E-06
607	2.22E-06
607.5	2.20E-06
608	2.18E-06
608.5	2.16E-06
609	2.14E-06
609.5	2.12E-06
610	2.11E-06
610.5	2.09E-06
611	2.07E-06
611.5	2.05E-06
612	2.04E-06
612.5	2.02E-06
613	2.00E-06
613.5	1.99E-06
614	1.97E-06
614.5	1.95E-06
615	1.93E-06
615.5	1.92E-06
616	1.90E-06
616.5	1.89E-06
617	1.87E-06
617.5	1.85E-06
618	1.84E-06
618.5	1.82E-06
619	1.81E-06
619.5	1.79E-06
620	1.78E-06
620.5	1.76E-06
621	1.75E-06
621.5	1.73E-06
622	1.72E-06
622.5	1.70E-06
623	1.69E-06
623.5	1.67E-06
624	1.66E-06
624.5	1.64E-06
625	1.63E-06
625.5	1.61E-06
626	1.60E-06
626.5	1.59E-06
627	1.57E-06
627.5	1.56E-06
628	1.55E-06
628.5	1.53E-06
629	1.52E-06
629.5	1.51E-06
630	1.49E-06
630.5	1.48E-06
631	1.47E-06
631.5	1.45E-06
632	1.44E-06
632.5	1.43E-06
633	1.42E-06
633.5	1.40E-06
634	1.39E-06
634.5	1.38E-06
635	1.37E-06
635.5	1.36E-06
636	1.34E-06
636.5	1.33E-06
637	1.32E-06
637.5	1.31E-06
638	1.30E-06
638.5	1.29E-06
639	1.28E-06
639.5	1.26E-06
640	1.25E-06
640.5	1.24E-06
641	1.23E-06
641.5	1.22E-06
642	1.21E-06
642.5	1.20E-06
643	1.19E-06
643.5	1.18E-06
644	1.17E-06
644.5	1.16E-06
645	1.15E-06
645.5	1.14E-06
646	1.13E-06
646.5	1.12E-06
647	1.11E-06
647.5	1.10E-06
648	1.09E-06
648.5	1.08E-06
649	1.07E-06
649.5	1.06E-06
650	1.05E-06
650.5	1.04E-06
651	1.04E-06
651.5	1.03E-06
652	1.02E-06
652.5	1.01E-06
653	1.00E-06
653.5	9.92E-07
654	9.83E-07
654.5	9.75E-07
655	9.66E-07
655.5	9.58E-07
656	9.50E-07
656.5	9.42E-07
657	9.34E-07
657.5	9.26E-07
658	9.18E-07
658.5	9.10E-07
659	9.02E-07
659.5	8.94E-07
660	8.87E-07
660.5	8.79E-07
661	8.72E-07
661.5	8.65E-07
662	8.58E-07
662.5	8.50E-07
663	8.43E-07
663.5	8.36E-07
664	8.29E-07
664.5	8.22E-07
665	8.14E-07
665.5	8.08E-07
666	8.01E-07
666.5	7.95E-07
667	7.88E-07
667.5	7.82E-07
668	7.75E-07
668.5	7.68E-07
669	7.62E-07
669.5	7.55E-07
670	7.49E-07
670.5	7.43E-07
671	7.37E-07
671.5	7.31E-07
672	7.25E-07
672.5	7.19E-07
673	7.13E-07
673.5	7.07E-07
674	7.01E-07
674.5	6.95E-07
675	6.89E-07
675.5	6.84E-07
676	6.78E-07
676.5	6.73E-07
677	6.68E-07
677.5	6.62E-07
678	6.57E-07
678.5	6.51E-07
679	6.46E-07
679.5	6.41E-07
680	6.35E-07
680.5	6.30E-07
681	6.25E-07
681.5	6.20E-07
682	6.16E-07
682.5	6.11E-07
683	6.06E-07
683.5	6.01E-07
684	5.96E-07
684.5	5.91E-07
685	5.86E-07
685.5	5.82E-07
686	5.77E-07
686.5	5.73E-07
687	5.68E-07
687.5	5.64E-07
688	5.59E-07
688.5	5.55E-07
689	5.50E-07
689.5	5.46E-07
690	5.42E-07
690.5	5.38E-07
691	5.33E-07
691.5	5.29E-07
692	5.25E-07
692.5	5.21E-07
693	5.17E-07
693.5	5.13E-07
694	5.09E-07
694.5	5.05E-07
695	5.01E-07
695.5	4.97E-07
696	4.94E-07
696.5	4.90E-07
697	4.87E-07
697.5	4.83E-07
698	4.79E-07
698.5	4.76E-07
699	4.72E-07
699.5	4.68E-07
700	4.65E-07
700.5	4.61E-07
701	4.58E-07
701.5	4.55E-07
702	4.51E-07
702.5	4.48E-07
703	4.45E-07
703.5	4.41E-07
704	4.38E-07
704.5	4.35E-07
705	4.31E-07
705.5	4.28E-07
706	4.25E-07
706.5	4.22E-07
707	4.19E-07
707.5	4.16E-07
708	4.13E-07
708.5	4.10E-07
709	4.07E-07
709.5	4.04E-07
710	4.01E-07
710.5	3.98E-07
711	3.96E-07
711.5	3.93E-07
712	3.90E-07
712.5	3.87E-07
713	3.85E-07
713.5	3.82E-07
714	3.79E-07
714.5	3.76E-07
715	3.74E-07
715.5	3.71E-07
716	3.69E-07
716.5	3.66E-07
717	3.64E-07
717.5	3.61E-07
718	3.59E-07
718.5	3.56E-07
719	3.54E-07
719.5	3.51E-07
720	3.49E-07
720.5	3.47E-07
721	3.44E-07
721.5	3.42E-07
722	3.40E-07
722.5	3.38E-07
723	3.35E-07
723.5	3.33E-07
724	3.31E-07
724.5	3.29E-07
725	3.26E-07
725.5	3.24E-07
726	3.22E-07
726.5	3.20E-07
727	3.18E-07
727.5	3.16E-07
728	3.14E-07
728.5	3.12E-07
729	3.10E-07
729.5	3.08E-07
730	3.06E-07
730.5	3.04E-07
731	3.02E-07
731.5	3.00E-07
732	2.98E-07
732.5	2.97E-07
733	2.95E-07
733.5	2.93E-07
734	2.91E-07
734.5	2.89E-07
735	2.87E-07
735.5	2.85E-07
736	2.84E-07
736.5	2.82E-07
737	2.80E-07
737.5	2.79E-07
738	2.77E-07
738.5	2.75E-07
739	2.74E-07
739.5	2.72E-07
740	2.70E-07
740.5	2.69E-07
741	2.67E-07
741.5	2.66E-07
742	2.64E-07
742.5	2.63E-07
743	2.61E-07
743.5	2.59E-07
744	2.58E-07
744.5	2.56E-07
745	2.55E-07
745.5	2.53E-07
746	2.52E-07
746.5	2.51E-07
747	2.49E-07
747.5	2.48E-07
748	2.46E-07
748.5	2.45E-07
749	2.44E-07
749.5	2.42E-07
750	2.41E-07
750.5	2.40E-07
751	2.38E-07
751.5	2.37E-07
752	2.36E-07
752.5	2.35E-07
753	2.33E-07
753.5	2.32E-07
754	2.31E-07
754.5	2.29E-07
755	2.28E-07
755.5	2.27E-07
756	2.26E-07
756.5	2.25E-07
757	2.24E-07
757.5	2.22E-07
758	2.21E-07
758.5	2.20E-07
759	2.19E-07
759.5	2.18E-07
760	2.17E-07
760.5	2.16E-07
761	2.15E-07
761.5	2.13E-07
762	2.12E-07
762.5	2.11E-07
763	2.10E-07
763.5	2.09E-07
764	2.08E-07
764.5	2.07E-07
765	2.06E-07
765.5	2.05E-07
766	2.04E-07
766.5	2.03E-07
767	2.02E-07
767.5	2.01E-07
768	2.00E-07
768.5	1.99E-07
769	1.98E-07
769.5	1.97E-07
770	1.97E-07
770.5	1.96E-07
771	1.95E-07
771.5	1.94E-07
772	1.93E-07
772.5	1.92E-07
773	1.91E-07
773.5	1.90E-07
774	1.90E-07
774.5	1.89E-07
775	1.88E-07
775.5	1.87E-07
776	1.86E-07
776.5	1.85E-07
777	1.85E-07
777.5	1.84E-07
778	1.83E-07
778.5	1.82E-07
779	1.82E-07
779.5	1.81E-07
780	1.80E-07
780.5	1.79E-07
781	1.79E-07
781.5	1.78E-07
782	1.77E-07
782.5	1.76E-07
783	1.76E-07
783.5	1.75E-07
784	1.74E-07
784.5	1.73E-07
785	1.73E-07
785.5	1.72E-07
786	1.71E-07
786.5	1.71E-07
787	1.70E-07
787.5	1.70E-07
788	1.69E-07
788.5	1.68E-07
789	1.68E-07
789.5	1.67E-07
790	1.66E-07
790.5	1.66E-07
791	1.65E-07
791.5	1.64E-07
792	1.64E-07
792.5	1.63E-07
793	1.63E-07
793.5	1.62E-07
794	1.62E-07
794.5	1.61E-07
795	1.60E-07
795.5	1.60E-07
796	1.59E-07
796.5	1.59E-07
797	1.58E-07
797.5	1.58E-07
798	1.57E-07
798.5	1.57E-07
799	1.56E-07
799.5	1.56E-07
800	1.55E-07
800.5	1.54E-07
801	1.54E-07
801.5	1.54E-07
802	1.53E-07
802.5	1.53E-07
803	1.52E-07
803.5	1.52E-07
804	1.51E-07
804.5	1.51E-07
805	1.50E-07
805.5	1.50E-07
806	1.49E-07
806.5	1.49E-07
807	1.48E-07
807.5	1.48E-07
808	1.47E-07
808.5	1.47E-07
809	1.47E-07
809.5	1.46E-07
810	1.46E-07
810.5	1.45E-07
811	1.45E-07
811.5	1.45E-07
812	1.44E-07
812.5	1.44E-07
813	1.43E-07
813.5	1.43E-07
814	1.43E-07
814.5	1.42E-07
815	1.42E-07
815.5	1.41E-07
816	1.41E-07
816.5	1.41E-07
817	1.40E-07
817.5	1.40E-07
818	1.40E-07
818.5	1.39E-07
819	1.39E-07
819.5	1.38E-07
820	1.38E-07
820.5	1.38E-07
821	1.37E-07
821.5	1.37E-07
822	1.37E-07
822.5	1.37E-07
823	1.36E-07
823.5	1.36E-07
824	1.36E-07
824.5	1.35E-07
825	1.35E-07
825.5	1.35E-07
826	1.34E-07
826.5	1.34E-07
827	1.34E-07
827.5	1.33E-07
828	1.33E-07
828.5	1.33E-07
829	1.33E-07
829.5	1.32E-07
830	1.32E-07
830.5	1.32E-07
831	1.31E-07
831.5	1.31E-07
832	1.31E-07
832.5	1.31E-07
833	1.30E-07
833.5	1.30E-07
834	1.30E-07
834.5	1.30E-07
835	1.29E-07
835.5	1.29E-07
836	1.29E-07
836.5	1.29E-07
837	1.28E-07
837.5	1.28E-07
838	1.28E-07
838.5	1.28E-07
839	1.27E-07
839.5	1.27E-07
840	1.27E-07
840.5	1.27E-07
841	1.27E-07
841.5	1.26E-07
842	1.26E-07
842.5	1.26E-07
843	1.26E-07
843.5	1.26E-07
844	1.25E-07
844.5	1.25E-07
845	1.25E-07
845.5	1.25E-07
846	1.25E-07
846.5	1.24E-07
847	1.24E-07
847.5	1.24E-07
848	1.24E-07
848.5	1.24E-07
849	1.23E-07
849.5	1.23E-07
850	1.23E-07
850.5	1.23E-07
851	1.23E-07
851.5	1.23E-07
852	1.22E-07
852.5	1.22E-07
853	1.22E-07
853.5	1.22E-07
854	1.22E-07
854.5	1.22E-07
855	1.21E-07
855.5	1.21E-07
856	1.21E-07
856.5	1.21E-07
857	1.21E-07
857.5	1.21E-07
858	1.21E-07
858.5	1.20E-07
859	1.20E-07
859.5	1.20E-07
860	1.20E-07
860.5	1.20E-07
861	1.20E-07
861.5	1.20E-07
862	1.19E-07
862.5	1.19E-07
863	1.19E-07
863.5	1.19E-07
864	1.19E-07
864.5	1.19E-07
865	1.19E-07
865.5	1.19E-07
866	1.18E-07
866.5	1.18E-07
867	1.18E-07
867.5	1.18E-07
868	1.18E-07
868.5	1.18E-07
869	1.18E-07
869.5	1.18E-07
870	1.18E-07
870.5	1.17E-07
871	1.17E-07
871.5	1.17E-07
872	1.17E-07
872.5	1.17E-07
873	1.17E-07
873.5	1.17E-07
874	1.17E-07
874.5	1.17E-07
875	1.17E-07
875.5	1.16E-07
876	1.16E-07
876.5	1.16E-07
877	1.16E-07
877.5	1.16E-07
878	1.16E-07
878.5	1.16E-07
879	1.16E-07
879.5	1.16E-07
880	1.16E-07
880.5	1.16E-07
881	1.16E-07
881.5	1.16E-07
882	1.15E-07
882.5	1.15E-07
883	1.15E-07
883.5	1.15E-07
884	1.15E-07
884.5	1.15E-07
885	1.15E-07
885.5	1.15E-07
886	1.15E-07
886.5	1.15E-07
887	1.15E-07
887.5	1.15E-07
888	1.15E-07
888.5	1.15E-07
889	1.15E-07
889.5	1.14E-07
890	1.14E-07
890.5	1.14E-07
891	1.14E-07
891.5	1.14E-07
892	1.14E-07
892.5	1.14E-07
893	1.14E-07
893.5	1.14E-07
894	1.14E-07
894.5	1.14E-07
895	1.14E-07
895.5	1.14E-07
896	1.14E-07
896.5	1.14E-07
897	1.14E-07
897.5	1.14E-07
898	1.14E-07
898.5	1.14E-07
899	1.14E-07
899.5	1.14E-07
900	1.14E-07
900.5	1.14E-07
901	1.13E-07
901.5	1.13E-07
902	1.13E-07
902.5	1.13E-07
903	1.13E-07
903.5	1.13E-07
904	1.13E-07
904.5	1.13E-07
905	1.13E-07
905.5	1.13E-07
906	1.13E-07
906.5	1.13E-07
907	1.13E-07
907.5	1.13E-07
908	1.13E-07
908.5	1.13E-07
909	1.13E-07
909.5	1.13E-07
910	1.13E-07
910.5	1.13E-07
911	1.13E-07
911.5	1.13E-07
912	1.13E-07
912.5	1.13E-07
913	1.13E-07
913.5	1.13E-07
914	1.13E-07
914.5	1.13E-07
915	1.13E-07
915.5	1.13E-07
916	1.13E-07
916.5	1.13E-07
917	1.13E-07
917.5	1.13E-07
918	1.13E-07
918.5	1.13E-07
919	1.13E-07
919.5	1.13E-07
920	1.13E-07
920.5	1.13E-07
921	1.13E-07
921.5	1.13E-07
922	1.13E-07
922.5	1.13E-07
923	1.13E-07
923.5	1.13E-07
924	1.13E-07
924.5	1.13E-07
925	1.13E-07
925.5	1.13E-07
926	1.13E-07
926.5	1.13E-07
927	1.13E-07
927.5	1.13E-07
928	1.13E-07
928.5	1.13E-07
929	1.13E-07
929.5	1.13E-07
930	1.13E-07
930.5	1.13E-07
931	1.13E-07
931.5	1.13E-07
932	1.13E-07
932.5	1.13E-07
933	1.13E-07
933.5	1.13E-07
934	1.13E-07
934.5	1.13E-07
935	1.13E-07
935.5	1.13E-07
936	1.13E-07
936.5	1.13E-07
937	1.13E-07
937.5	1.13E-07
938	1.13E-07
938.5	1.13E-07
939	1.13E-07
939.5	1.13E-07
940	1.13E-07
940.5	1.13E-07
941	1.13E-07
941.5	1.13E-07
942	1.13E-07
942.5	1.13E-07
943	1.13E-07
943.5	1.13E-07
944	1.13E-07
944.5	1.13E-07
945	1.13E-07
945.5	1.13E-07
946	1.13E-07
946.5	1.13E-07
947	1.13E-07
947.5	1.13E-07
948	1.13E-07
948.5	1.13E-07
949	1.13E-07
949.5	1.13E-07
950	1.13E-07
950.5	1.13E-07
951	1.13E-07
951.5	1.13E-07
952	1.13E-07
952.5	1.13E-07
953	1.13E-07
953.5	1.13E-07
954	1.13E-07
954.5	1.13E-07
955	1.14E-07
955.5	1.14E-07
956	1.14E-07
956.5	1.14E-07
957	1.14E-07
957.5	1.14E-07
958	1.14E-07
958.5	1.14E-07
959	1.14E-07
959.5	1.14E-07
960	1.14E-07
960.5	1.14E-07
961	1.14E-07
961.5	1.14E-07
962	1.14E-07
962.5	1.14E-07
963	1.14E-07
963.5	1.14E-07
964	1.14E-07
964.5	1.14E-07
965	1.14E-07
965.5	1.14E-07
966	1.14E-07
966.5	1.14E-07
967	1.14E-07
967.5	1.14E-07
968	1.14E-07
968.5	1.14E-07
969	1.14E-07
969.5	1.14E-07
970	1.14E-07
970.5	1.14E-07
971	1.14E-07
971.5	1.14E-07
972	1.14E-07
972.5	1.14E-07
973	1.14E-07
973.5	1.15E-07
974	1.15E-07
974.5	1.15E-07
975	1.15E-07
975.5	1.15E-07
976	1.15E-07
976.5	1.15E-07
977	1.15E-07
977.5	1.15E-07
978	1.15E-07
978.5	1.15E-07
979	1.15E-07
979.5	1.15E-07
980	1.15E-07
980.5	1.15E-07
981	1.15E-07
981.5	1.15E-07
982	1.15E-07
982.5	1.15E-07
983	1.15E-07
983.5	1.15E-07
984	1.15E-07
984.5	1.15E-07
985	1.15E-07
985.5	1.15E-07
986	1.15E-07
986.5	1.15E-07
987	1.15E-07
987.5	1.15E-07
988	1.15E-07
988.5	1.15E-07
989	1.16E-07
989.5	1.16E-07
990	1.16E-07
990.5	1.16E-07
991	1.16E-07
991.5	1.16E-07
992	1.16E-07
992.5	1.16E-07
993	1.16E-07
993.5	1.16E-07
994	1.16E-07
994.5	1.16E-07
995	1.16E-07
995.5	1.16E-07
996	1.16E-07
996.5	1.16E-07
997	1.16E-07
997.5	1.16E-07
998	1.16E-07
998.5	1.16E-07
999	1.16E-07
999.5	1.16E-07
1000	1.16E-07
1000.5	1.16E-07
1001	1.16E-07
1001.5	1.16E-07
1002	1.16E-07
1002.5	1.16E-07
1003	1.16E-07
1003.5	1.16E-07
1004	1.17E-07
1004.5	1.17E-07
1005	1.17E-07
1005.5	1.17E-07
1006	1.17E-07
1006.5	1.17E-07
1007	1.17E-07
1007.5	1.17E-07
1008	1.17E-07
1008.5	1.17E-07
1009	1.17E-07
1009.5	1.17E-07
1010	1.17E-07
1010.5	1.17E-07
1011	1.17E-07
1011.5	1.17E-07
1012	1.17E-07
1012.5	1.17E-07
1013	1.17E-07
1013.5	1.17E-07
1014	1.17E-07
1014.5	1.17E-07
1015	1.17E-07
1015.5	1.17E-07
1016	1.17E-07
1016.5	1.17E-07
1017	1.17E-07
1017.5	1.17E-07
1018	1.18E-07
1018.5	1.18E-07
1019	1.18E-07
1019.5	1.18E-07
1020	1.18E-07
1020.5	1.18E-07
1021	1.18E-07
1021.5	1.18E-07
1022	1.18E-07
1022.5	1.18E-07
1023	1.18E-07
1023.5	1.18E-07
1024	1.18E-07
1024.5	1.18E-07
1025	1.18E-07
1025.5	1.18E-07
1026	1.18E-07
1026.5	1.18E-07
1027	1.18E-07
1027.5	1.18E-07
1028	1.18E-07
1028.5	1.18E-07
1029	1.18E-07
1029.5	1.18E-07
1030	1.18E-07
1030.5	1.18E-07
1031	1.18E-07
1031.5	1.18E-07
1032	1.18E-07
1032.5	1.19E-07
1033	1.19E-07
1033.5	1.19E-07
1034	1.19E-07
1034.5	1.19E-07
1035	1.19E-07
1035.5	1.19E-07
1036	1.19E-07
1036.5	1.19E-07
1037	1.19E-07
1037.5	1.19E-07
1038	1.19E-07
1038.5	1.19E-07
1039	1.19E-07
1039.5	1.19E-07
1040	1.19E-07
1040.5	1.19E-07
1041	1.19E-07
1041.5	1.19E-07
1042	1.19E-07
1042.5	1.19E-07
1043	1.19E-07
1043.5	1.19E-07
1044	1.19E-07
1044.5	1.19E-07
1045	1.19E-07
1045.5	1.19E-07
1046	1.19E-07
1046.5	1.19E-07
1047	1.19E-07
1047.5	1.20E-07
1048	1.20E-07
1048.5	1.20E-07
1049	1.20E-07
1049.5	1.20E-07
1050	1.20E-07
1050.5	1.20E-07
1051	1.20E-07
1051.5	1.20E-07
1052	1.20E-07
1052.5	1.20E-07
1053	1.20E-07
1053.5	1.20E-07
1054	1.20E-07
1054.5	1.20E-07
1055	1.20E-07
1055.5	1.20E-07
1056	1.20E-07
1056.5	1.20E-07
1057	1.20E-07
1057.5	1.20E-07
1058	1.20E-07
1058.5	1.20E-07
1059	1.20E-07
1059.5	1.20E-07
1060	1.20E-07
1060.5	1.20E-07
1061	1.20E-07
1061.5	1.20E-07
1062	1.20E-07
1062.5	1.20E-07
1063	1.20E-07
1063.5	1.20E-07
1064	1.20E-07
1064.5	1.20E-07
1065	1.21E-07
1065.5	1.21E-07
1066	1.21E-07
1066.5	1.21E-07
1067	1.21E-07
1067.5	1.21E-07
1068	1.21E-07
1068.5	1.21E-07
1069	1.21E-07
1069.5	1.21E-07
1070	1.21E-07
1070.5	1.21E-07
1071	1.21E-07
1071.5	1.21E-07
1072	1.21E-07
1072.5	1.21E-07
1073	1.21E-07
1073.5	1.21E-07
1074	1.21E-07
1074.5	1.21E-07
1075	1.21E-07
1075.5	1.21E-07
1076	1.21E-07
1076.5	1.21E-07
1077	1.21E-07
1077.5	1.21E-07
1078	1.21E-07
1078.5	1.21E-07
1079	1.21E-07
1079.5	1.21E-07
1080	1.21E-07
1080.5	1.21E-07
1081	1.21E-07
1081.5	1.21E-07
1082	1.21E-07
1082.5	1.21E-07
1083	1.22E-07
1083.5	1.22E-07
1084	1.22E-07
1084.5	1.22E-07
1085	1.22E-07
1085.5	1.22E-07
1086	1.22E-07
1086.5	1.22E-07
1087	1.22E-07
1087.5	1.22E-07
1088	1.22E-07
1088.5	1.22E-07
1089	1.22E-07
1089.5	1.22E-07
1090	1.22E-07
1090.5	1.22E-07
1091	1.22E-07
1091.5	1.22E-07
1092	1.22E-07
1092.5	1.22E-07
1093	1.22E-07
1093.5	1.22E-07
1094	1.22E-07
1094.5	1.22E-07
1095	1.22E-07
1095.5	1.22E-07
1096	1.22E-07
1096.5	1.22E-07
1097	1.22E-07
1097.5	1.22E-07
1098	1.22E-07
1098.5	1.22E-07
1099	1.22E-07
1099.5	1.22E-07
1100	1.22E-07
1100.5	1.22E-07
1101	1.22E-07
1101.5	1.22E-07
1102	1.22E-07
1102.5	1.22E-07
1103	1.22E-07
1103.5	1.22E-07
1104	1.22E-07
1104.5	1.22E-07
1105	1.22E-07
1105.5	1.22E-07
1106	1.23E-07
1106.5	1.23E-07
1107	1.23E-07
1107.5	1.23E-07
1108	1.23E-07
1108.5	1.23E-07
1109	1.23E-07
1109.5	1.23E-07
1110	1.23E-07
1110.5	1.23E-07
1111	1.23E-07
1111.5	1.23E-07
1112	1.23E-07
1112.5	1.23E-07
1113	1.23E-07
1113.5	1.23E-07
1114	1.23E-07
1114.5	1.23E-07
1115	1.23E-07
1115.5	1.23E-07
1116	1.23E-07
1116.5	1.23E-07
1117	1.23E-07
1117.5	1.23E-07
1118	1.23E-07
1118.5	1.23E-07
1119	1.23E-07
1119.5	1.23E-07
1120	1.23E-07
1120.5	1.23E-07
1121	1.23E-07
1121.5	1.23E-07
1122	1.23E-07
1122.5	1.23E-07
1123	1.23E-07
1123.5	1.23E-07
1124	1.23E-07
1124.5	1.23E-07
1125	1.23E-07
1125.5	1.23E-07
1126	1.23E-07
1126.5	1.23E-07
1127	1.23E-07
1127.5	1.23E-07
1128	1.23E-07
1128.5	1.23E-07
1129	1.23E-07
1129.5	1.23E-07
1130	1.23E-07
1130.5	1.23E-07
1131	1.23E-07
1131.5	1.23E-07
1132	1.23E-07
1132.5	1.23E-07
1133	1.23E-07
1133.5	1.23E-07
1134	1.23E-07
1134.5	1.23E-07
1135	1.23E-07
1135.5	1.23E-07
1136	1.23E-07
1136.5	1.24E-07
1137	1.24E-07
1137.5	1.24E-07
1138	1.24E-07
1138.5	1.24E-07
1139	1.24E-07
1139.5	1.24E-07
1140	1.24E-07
1140.5	1.24E-07
1141	1.24E-07
1141.5	1.24E-07
1142	1.24E-07
1142.5	1.24E-07
1143	1.24E-07
1143.5	1.24E-07
1144	1.24E-07
1144.5	1.24E-07
1145	1.24E-07
1145.5	1.24E-07
1146	1.24E-07
1146.5	1.24E-07
1147	1.24E-07
1147.5	1.24E-07
1148	1.24E-07
1148.5	1.24E-07
1149	1.24E-07
1149.5	1.24E-07
1150	1.24E-07
1150.5	1.24E-07
1151	1.24E-07
1151.5	1.24E-07
1152	1.24E-07
1152.5	1.24E-07
1153	1.24E-07
1153.5	1.24E-07
1154	1.24E-07
1154.5	1.24E-07
1155	1.24E-07
1155.5	1.24E-07
1156	1.24E-07
1156.5	1.24E-07
1157	1.24E-07
1157.5	1.24E-07
1158	1.24E-07
1158.5	1.24E-07
1159	1.24E-07
1159.5	1.24E-07
1160	1.24E-07
1160.5	1.24E-07
1161	1.24E-07
1161.5	1.24E-07
1162	1.24E-07
1162.5	1.24E-07
1163	1.24E-07
1163.5	1.24E-07
1164	1.24E-07
1164.5	1.24E-07
1165	1.24E-07
1165.5	1.24E-07
1166	1.24E-07
1166.5	1.24E-07
1167	1.24E-07
1167.5	1.24E-07
1168	1.24E-07
1168.5	1.24E-07
1169	1.24E-07
1169.5	1.24E-07
1170	1.24E-07
1170.5	1.24E-07
1171	1.24E-07
1171.5	1.24E-07
1172	1.24E-07
1172.5	1.24E-07
1173	1.24E-07
1173.5	1.24E-07
1174	1.24E-07
1174.5	1.24E-07
1175	1.24E-07
1175.5	1.24E-07
1176	1.24E-07
1176.5	1.24E-07
1177	1.24E-07
1177.5	1.24E-07
1178	1.24E-07
1178.5	1.24E-07
1179	1.24E-07
1179.5	1.24E-07
1180	1.24E-07
1180.5	1.24E-07
1181	1.24E-07
1181.5	1.24E-07
1182	1.24E-07
1182.5	1.24E-07
1183	1.24E-07
1183.5	1.24E-07
1184	1.24E-07
1184.5	1.24E-07
1185	1.24E-07
1185.5	1.24E-07
1186	1.24E-07
1186.5	1.24E-07
1187	1.24E-07
1187.5	1.24E-07
1188	1.24E-07
1188.5	1.24E-07
1189	1.24E-07
1189.5	1.24E-07
1190	1.24E-07
1190.5	1.24E-07
1191	1.24E-07
1191.5	1.24E-07
1192	1.24E-07
1192.5	1.24E-07
1193	1.24E-07
1193.5	1.24E-07
1194	1.24E-07
1194.5	1.24E-07
1195	1.24E-07
1195.5	1.24E-07
1196	1.24E-07
1196.5	1.24E-07
1197	1.24E-07
1197.5	1.24E-07
1198	1.24E-07
1198.5	1.24E-07
1199	1.24E-07
1199.5	1.24E-07
1200	1.24E-07

