1.6	8.60E-09
3.2	8.59E-09
4.8	8.58E-09
6.40E+00	8.57E-09
8	8.57E-09
9.6	8.57E-09
11.2	8.56E-09
12.8	8.55E-09
14.4	8.53E-09
16	8.52E-09
17.6	8.50E-09
19.2	8.49E-09
20.8	8.47E-09
22.4	8.47E-09
2.40E+01	8.46E-09
2.56E+01	8.45E-09
2.72E+01	8.44E-09
28.8	8.44E-09
30.4	8.43E-09
32	8.42E-09
33.6	8.41E-09
35.2	8.40E-09
36.8	8.39E-09
3.84E+01	8.38E-09
40	8.38E-09
41.6	8.37E-09
43.2	8.35E-09
44.8	8.34E-09
46.4	8.33E-09
48	8.31E-09
49.6	8.29E-09
51.2	8.28E-09
52.8	8.27E-09
54.4	8.26E-09
5.60E+01	8.25E-09
5.76E+01	8.24E-09
59.2	8.23E-09
60.8	8.22E-09
62.4	8.20E-09
6.40E+01	8.17E-09
65.6	8.15E-09
67.2	8.13E-09
68.8	8.11E-09
70.4	8.08E-09
7.20E+01	8.06E-09
7.36E+01	8.03E-09
7.52E+01	8.00E-09
7.68E+01	7.97E-09
78.4	7.93E-09
80	7.89E-09
81.6	7.84E-09
83.2	7.80E-09
84.8	7.75E-09
8.64E+01	7.69E-09
8.80E+01	7.64E-09
8.96E+01	7.58E-09
91.2	7.52E-09
92.8	7.47E-09
9.44E+01	7.41E-09
9.60E+01	7.36E-09
9.76E+01	7.31E-09
99.2	7.26E-09
1.01E+02	7.22E-09
1.02E+02	7.18E-09
104	7.13E-09
105.6	7.09E-09
1.07E+02	7.06E-09
108.8	7.02E-09
1.10E+02	6.98E-09
112	6.95E-09
1.14E+02	6.92E-09
115.2	6.88E-09
116.8	6.85E-09
1.18E+02	6.82E-09
120	6.79E-09
121.6	6.76E-09
123.2	6.72E-09
1.25E+02	6.68E-09
126.4	6.64E-09
128	6.60E-09
129.6	6.56E-09
131.2	6.53E-09
132.8	6.49E-09
134.4	6.45E-09
136	6.41E-09
137.6	6.37E-09
1.39E+02	6.33E-09
1.41E+02	6.28E-09
142.4	6.24E-09
144	6.19E-09
1.46E+02	6.15E-09
1.47E+02	6.11E-09
148.8	6.08E-09
150.4	6.04E-09
1.52E+02	6.00E-09
153.6	5.97E-09
155.2	5.93E-09
156.8	5.90E-09
158.4	5.87E-09
1.60E+02	5.83E-09
161.6	5.81E-09
163.2	5.79E-09
1.65E+02	5.77E-09
166.4	5.76E-09
168	5.74E-09
169.6	5.73E-09
171.2	5.72E-09
172.8	5.71E-09
174.4	5.70E-09
176	5.69E-09
1.78E+02	5.69E-09
1.79E+02	5.68E-09
1.81E+02	5.69E-09
182.4	5.69E-09
184	5.69E-09
1.86E+02	5.70E-09
187.2	5.70E-09
188.8	5.71E-09
190.4	5.72E-09
192	5.72E-09
1.94E+02	5.73E-09
195.2	5.74E-09
196.8	5.74E-09
198.4	5.75E-09
200	5.75E-09
201.6	5.74E-09
2.03E+02	5.74E-09
204.8	5.73E-09
206.4	5.73E-09
208	5.73E-09
209.6	5.73E-09
211.2	5.72E-09
2.13E+02	5.72E-09
214.4	5.72E-09
216	5.72E-09
2.18E+02	5.72E-09
2.19E+02	5.72E-09
220.8	5.72E-09
2.22E+02	5.72E-09
224	5.72E-09
2.26E+02	5.72E-09
227.2	5.71E-09
228.8	5.70E-09
230.4	5.69E-09
232	5.67E-09
233.6	5.66E-09
2.35E+02	5.64E-09
236.8	5.62E-09
238.4	5.61E-09
2.40E+02	5.59E-09
241.6	5.56E-09
243.2	5.54E-09
2.45E+02	5.51E-09
2.46E+02	5.48E-09
248	5.45E-09
249.6	5.42E-09
2.51E+02	5.40E-09
252.8	5.37E-09
254.4	5.35E-09
256	5.33E-09
257.6	5.30E-09
259.2	5.28E-09
260.8	5.27E-09
262.4	5.26E-09
264	5.24E-09
265.6	5.24E-09
267.2	5.24E-09
268.8	5.24E-09
2.70E+02	5.25E-09
2.72E+02	5.25E-09
2.74E+02	5.26E-09
2.75E+02	5.27E-09
2.77E+02	5.29E-09
2.78E+02	5.31E-09
280	5.33E-09
2.82E+02	5.37E-09
2.83E+02	5.40E-09
284.8	5.44E-09
286.4	5.49E-09
2.88E+02	5.53E-09
2.90E+02	5.58E-09
2.91E+02	5.65E-09
2.93E+02	5.71E-09
294.4	5.77E-09
2.96E+02	5.85E-09
2.98E+02	5.92E-09
299.2	5.99E-09
300.8	6.05E-09
3.02E+02	6.12E-09
304	6.18E-09
3.06E+02	6.24E-09
307.2	6.30E-09
308.8	6.35E-09
3.10E+02	6.41E-09
3.12E+02	6.47E-09
313.6	6.53E-09
3.15E+02	6.59E-09
3.17E+02	6.66E-09
3.18E+02	6.72E-09
3.20E+02	6.80E-09
3.22E+02	6.88E-09
323.2	6.97E-09
324.8	7.07E-09
326.4	7.18E-09
328	7.29E-09
329.6	7.41E-09
331.2	7.55E-09
332.8	7.69E-09
334.4	7.84E-09
3.36E+02	8.02E-09
337.6	8.20E-09
339.2	8.38E-09
340.8	8.62E-09
342.4	8.86E-09
3.44E+02	9.11E-09
3.46E+02	9.44E-09
347.2	9.78E-09
348.8	1.01E-08
350.4	1.06E-08
3.52E+02	1.10E-08
3.54E+02	1.15E-08
3.55E+02	1.20E-08
356.8	1.26E-08
3.58E+02	1.32E-08
3.60E+02	1.39E-08
3.62E+02	1.47E-08
3.63E+02	1.55E-08
3.65E+02	1.65E-08
366.4	1.75E-08
368	1.86E-08
3.70E+02	1.97E-08
371.2	2.11E-08
3.73E+02	2.25E-08
374.4	2.40E-08
376	2.58E-08
377.6	2.76E-08
379.2	2.95E-08
380.8	3.19E-08
382.4	3.44E-08
3.84E+02	3.68E-08
385.6	4.00E-08
3.87E+02	4.32E-08
3.89E+02	4.64E-08
3.90E+02	5.06E-08
3.92E+02	5.49E-08
3.94E+02	5.92E-08
3.95E+02	6.46E-08
396.8	7.05E-08
398.4	7.64E-08
4.00E+02	8.34E-08
401.6	9.14E-08
4.03E+02	9.93E-08
404.8	1.09E-07
4.06E+02	1.19E-07
408	1.30E-07
409.6	1.42E-07
4.11E+02	1.56E-07
4.13E+02	1.70E-07
414.4	1.85E-07
4.16E+02	2.03E-07
417.6	2.20E-07
419.2	2.39E-07
420.8	2.61E-07
422.4	2.83E-07
424	3.05E-07
4.26E+02	3.31E-07
427.2	3.57E-07
428.8	3.84E-07
4.30E+02	4.14E-07
4.32E+02	4.44E-07
433.6	4.76E-07
4.35E+02	5.12E-07
436.8	5.47E-07
4.38E+02	5.85E-07
440	6.27E-07
441.6	6.69E-07
4.43E+02	7.14E-07
444.8	7.63E-07
446.4	8.13E-07
448	8.67E-07
4.50E+02	9.25E-07
4.51E+02	9.84E-07
4.53E+02	1.05E-06
4.54E+02	1.11E-06
456	1.18E-06
4.58E+02	1.26E-06
4.59E+02	1.33E-06
460.8	1.41E-06
462.4	1.50E-06
464	1.59E-06
465.6	1.67E-06
467.2	1.77E-06
468.8	1.87E-06
4.70E+02	1.97E-06
4.72E+02	2.08E-06
473.6	2.19E-06
4.75E+02	2.31E-06
4.77E+02	2.43E-06
478.4	2.55E-06
480	2.67E-06
481.6	2.80E-06
483.2	2.93E-06
484.8	3.06E-06
486.4	3.19E-06
488	3.32E-06
489.6	3.45E-06
491.2	3.58E-06
492.8	3.70E-06
494.4	3.83E-06
496	3.95E-06
497.6	4.07E-06
499.2	4.19E-06
500.8	4.29E-06
502.4	4.40E-06
504	4.50E-06
505.6	4.59E-06
5.07E+02	4.68E-06
508.8	4.76E-06
510.4	4.84E-06
512	4.91E-06
513.6	4.97E-06
5.15E+02	5.03E-06
5.17E+02	5.07E-06
5.18E+02	5.12E-06
5.20E+02	5.16E-06
5.22E+02	5.18E-06
523.2	5.20E-06
5.25E+02	5.23E-06
526.4	5.23E-06
528	5.23E-06
529.6	5.23E-06
531.2	5.22E-06
532.8	5.21E-06
534.4	5.19E-06
536	5.17E-06
537.6	5.13E-06
5.39E+02	5.10E-06
540.8	5.06E-06
542.4	5.02E-06
544	4.97E-06
545.6	4.92E-06
547.2	4.86E-06
5.49E+02	4.81E-06
5.50E+02	4.75E-06
552	4.68E-06
553.6	4.62E-06
555.2	4.55E-06
556.8	4.48E-06
558.4	4.41E-06
560	4.34E-06
561.6	4.26E-06
5.63E+02	4.19E-06
564.8	4.11E-06
566.4	4.04E-06
568	3.96E-06
569.6	3.88E-06
571.2	3.80E-06
572.8	3.73E-06
5.74E+02	3.65E-06
576	3.57E-06
577.6	3.49E-06
579.2	3.42E-06
5.81E+02	3.34E-06
582.4	3.26E-06
5.84E+02	3.19E-06
585.6	3.11E-06
587.2	3.04E-06
588.8	2.97E-06
5.90E+02	2.89E-06
5.92E+02	2.82E-06
593.6	2.75E-06
5.95E+02	2.69E-06
5.97E+02	2.62E-06
598.4	2.55E-06
6.00E+02	2.49E-06
601.6	2.42E-06
603.2	2.36E-06
604.8	2.30E-06
606.4	2.24E-06
608	2.18E-06
609.6	2.12E-06
611.2	2.06E-06
612.8	2.01E-06
614.4	1.95E-06
616	1.90E-06
617.6	1.85E-06
619.2	1.80E-06
620.8	1.75E-06
622.4	1.70E-06
6.24E+02	1.66E-06
625.6	1.61E-06
6.27E+02	1.57E-06
628.8	1.52E-06
6.30E+02	1.48E-06
6.32E+02	1.44E-06
6.34E+02	1.40E-06
6.35E+02	1.36E-06
6.37E+02	1.33E-06
6.38E+02	1.29E-06
6.40E+02	1.25E-06
6.42E+02	1.22E-06
6.43E+02	1.19E-06
644.8	1.15E-06
646.4	1.12E-06
648	1.09E-06
649.6	1.06E-06
651.2	1.03E-06
652.8	1.00E-06
654.4	9.76E-07
656	9.50E-07
6.58E+02	9.25E-07
6.59E+02	8.99E-07
6.61E+02	8.75E-07
6.62E+02	8.52E-07
6.64E+02	8.29E-07
665.6	8.07E-07
667.2	7.86E-07
668.8	7.65E-07
670.4	7.44E-07
672	7.25E-07
673.6	7.06E-07
6.75E+02	6.87E-07
676.8	6.70E-07
678.4	6.52E-07
680	6.35E-07
6.82E+02	6.19E-07
683.2	6.04E-07
6.85E+02	5.88E-07
686.4	5.74E-07
688	5.59E-07
6.90E+02	5.45E-07
6.91E+02	5.32E-07
6.93E+02	5.19E-07
6.94E+02	5.06E-07
696	4.94E-07
697.6	4.82E-07
6.99E+02	4.70E-07
700.8	4.59E-07
702.4	4.49E-07
704	4.38E-07
705.6	4.28E-07
707.2	4.18E-07
708.8	4.08E-07
710.4	3.99E-07
712	3.90E-07
713.6	3.81E-07
715.2	3.73E-07
716.8	3.65E-07
718.4	3.57E-07
720	3.49E-07
721.6	3.42E-07
723.2	3.34E-07
724.8	3.27E-07
726.4	3.21E-07
728	3.14E-07
729.6	3.07E-07
731.2	3.01E-07
7.33E+02	2.95E-07
734.4	2.89E-07
736	2.84E-07
737.6	2.78E-07
739.2	2.73E-07
7.41E+02	2.68E-07
7.42E+02	2.63E-07
7.44E+02	2.58E-07
7.46E+02	2.53E-07
747.2	2.49E-07
7.49E+02	2.44E-07
7.50E+02	2.40E-07
7.52E+02	2.36E-07
753.6	2.32E-07
755.2	2.28E-07
756.8	2.24E-07
7.58E+02	2.20E-07
7.60E+02	2.17E-07
761.6	2.13E-07
7.63E+02	2.10E-07
7.65E+02	2.07E-07
7.66E+02	2.03E-07
7.68E+02	2.00E-07
769.6	1.97E-07
771.2	1.94E-07
772.8	1.92E-07
7.74E+02	1.89E-07
776	1.86E-07
777.6	1.84E-07
779.2	1.81E-07
780.8	1.79E-07
782.4	1.77E-07
784	1.74E-07
785.6	1.72E-07
7.87E+02	1.70E-07
788.8	1.68E-07
7.90E+02	1.66E-07
7.92E+02	1.64E-07
7.94E+02	1.62E-07
7.95E+02	1.60E-07
7.97E+02	1.58E-07
7.98E+02	1.57E-07
8.00E+02	1.55E-07
